-> CNT_CLAVICLE_1_L yaw
3 48 0 0 3 53 0.0 0.0 0.0 1.0 2.0 3.0 4.0 5.0 6.0 7.0 8.0 9.0 10.0 11.0 12.0 13.0 14.0 15.0 16.0 17.0 18.0 19.0 20.0 21.0 22.0 23.0 24.0 25.0 26.0 27.0 28.0 29.0 30.0 31.0 32.0 33.0 34.0 35.0 36.0 37.0 38.0 39.0 40.0 41.0 42.0 43.0 44.0 45.0 46.0 47.0 48.0 48.0 48.0 51 12.0017162712 -4.21101610327 7.18694081832 15.0065324002 -6.42619705137 6.33169147336 15.0065324002 -6.42619705137 6.33169147336 15.0065324002 -6.42619705137 6.33169147336 15.0065324002 -6.42619705137 6.33169147336 13.7278428255 -6.61534365168 6.25003552107 13.7278428255 -6.61534365168 6.25003552107 13.7278428255 -6.61534365168 6.25003552107 13.7777425547 -6.95656802143 6.17345686544 13.877933387 -7.64113062522 5.68436016738 14.0024627949 -8.49028522819 4.41798388882 14.0833636541 -9.03990594828 2.26198760555 14.1080233398 -9.20429253929 -0.235611901902 14.0727864692 -8.95909444855 -2.69464640193 13.9829186841 -8.34096488355 -4.73131353911 13.8523977847 -7.46458569396 -5.85274488312 13.750804333 -6.79655043725 -6.23742370771 13.7009046039 -6.4654949545 -6.26962057733 13.7009046039 -6.4654949545 -6.26962057733 13.7009046039 -6.4654949545 -6.26962057733 14.9812121261 -6.25532233433 -6.32905342706 14.9812121261 -6.25532233433 -6.32905342706 14.9812121261 -6.25532233433 -6.32905342706 11.9747282138 -4.20855448017 -7.00228041409 11.9747282138 -4.20855448017 -7.00228041409 11.9747282138 -4.20855448017 -7.00228041409 9.72696044862 -7.02059521445 -6.3216572967 9.72696044862 -7.02059521445 -6.3216572967 9.72696044862 -7.02059521445 -6.3216572967 9.72696044862 -7.02059521445 -6.3216572967 11.0439800814 -6.85435696463 -6.25945079036 11.0439800814 -6.85435696463 -6.25945079036 11.0439800814 -6.85435696463 -6.25945079036 11.0439800814 -6.85435696463 -6.25945079036 11.0938798106 -7.18541367353 -6.22951476777 11.1954732622 -7.85335761546 -5.85004376865 11.3259941617 -8.72944382982 -4.73506756522 11.4158619467 -9.34757339481 -2.69840860167 11.4510988174 -9.59277148555 -0.239374101642 11.4264391317 -9.42838489455 2.25822540581 11.3455382725 -8.87876417445 4.41422168908 11.2210088645 -8.02960957148 5.68073599836 11.1208180322 -7.3450469677 6.16976789908 11.070918303 -7.00382259795 6.24632011639 11.070918303 -7.00382259795 6.24632011639 11.070918303 -7.00382259795 6.24632011639 9.75621936375 -7.19559955773 6.32409679806 9.75621936375 -7.19559955773 6.32409679806 9.75621936375 -7.19559955773 6.32409679806 9.75621936375 -7.19559955773 6.32409679806 12.0017162712 -4.21101610327 7.18694081832
-> CNT_CLAVICLE_1_R yaw
3 48 0 0 3 53 0.0 0.0 0.0 1.0 2.0 3.0 4.0 5.0 6.0 7.0 8.0 9.0 10.0 11.0 12.0 13.0 14.0 15.0 16.0 17.0 18.0 19.0 20.0 21.0 22.0 23.0 24.0 25.0 26.0 27.0 28.0 29.0 30.0 31.0 32.0 33.0 34.0 35.0 36.0 37.0 38.0 39.0 40.0 41.0 42.0 43.0 44.0 45.0 46.0 47.0 48.0 48.0 48.0 51 13.952365339 4.07337384899 8.27355366637 17.03023747 6.19220072572 7.43410512389 17.03023747 6.19220072572 7.43410512389 17.03023747 6.19220072572 7.43410512389 17.03023747 6.19220072572 7.43410512389 15.7586825926 6.42598521423 7.35674773218 15.7586825926 6.42598521423 7.35674773218 15.7586825926 6.42598521423 7.35674773218 15.8201681342 6.76602496678 7.28339353089 15.9430704545 7.451488966 6.80078202369 16.0947259189 8.30820472942 5.54248209407 16.1910654415 8.87577826468 3.3917782937 16.2174049667 9.06363817735 0.895851765605 16.1698564492 8.84385715617 -1.56537757241 16.0555516364 8.24913043168 -3.60778006422 15.8931860729 7.38876585181 -4.73742366374 15.7680651191 6.72841225016 -5.12838146124 15.7067568907 6.39959869477 -5.16369860951 15.7067568907 6.39959869477 -5.16369860951 15.7067568907 6.39959869477 -5.16369860951 16.978981853 6.14612582504 -5.22763056613 16.978981853 6.14612582504 -5.22763056613 16.978981853 6.14612582504 -5.22763056613 13.902812378 4.2106100292 -5.91494323541 13.902812378 4.2106100292 -5.91494323541 13.902812378 4.2106100292 -5.91494323541 11.7541800336 7.09147369733 -5.20270421688 11.7541800336 7.09147369733 -5.20270421688 11.7541800336 7.09147369733 -5.20270421688 11.7541800336 7.09147369733 -5.20270421688 13.0647993637 6.87945538173 -5.14464628309 13.0647993637 6.87945538173 -5.14464628309 13.0647993637 6.87945538173 -5.14464628309 13.0647993637 6.87945538173 -5.14464628309 13.1261040499 7.20829227322 -5.11158985898 13.2512136061 7.86860555018 -4.72584051887 13.4135588581 8.72874047231 -3.60265459069 13.5278636579 9.32346727674 -1.56026027211 13.5754121754 9.5432482979 0.900969065903 13.5490726502 9.35538838525 3.396895594 13.4527331276 8.78781484999 5.54759939436 13.301077882 7.93109773664 6.80603734793 13.178175459 7.24563437113 7.28858406097 13.1166898755 6.90559487714 7.36191182524 13.1166898755 6.90559487714 7.36191182524 13.1166898755 6.90559487714 7.36191182524 11.8094902324 7.1416867864 7.44407397588 11.8094902324 7.1416867864 7.44407397588 11.8094902324 7.1416867864 7.44407397588 11.8094902324 7.1416867864 7.44407397588 13.952365339 4.07337384899 8.27355366637
-> CNT_COG_C outwardCirclePointer
3 88 0 0 3 93 0.0 0.0 0.0 1.0 2.0 3.0 4.0 5.0 6.0 7.0 8.0 9.0 10.0 11.0 12.0 13.0 14.0 15.0 16.0 17.0 18.0 19.0 20.0 21.0 22.0 23.0 24.0 25.0 26.0 27.0 28.0 29.0 30.0 31.0 32.0 33.0 34.0 35.0 36.0 37.0 38.0 39.0 40.0 41.0 42.0 43.0 44.0 45.0 46.0 47.0 48.0 49.0 50.0 51.0 52.0 53.0 54.0 55.0 56.0 57.0 58.0 59.0 60.0 61.0 62.0 63.0 64.0 65.0 66.0 67.0 68.0 69.0 70.0 71.0 72.0 73.0 74.0 75.0 76.0 77.0 78.0 79.0 80.0 81.0 82.0 83.0 84.0 85.0 86.0 87.0 88.0 88.0 88.0 91 -0.274119882903 7.27352106118e-13 -76.3137533738 -0.274119882903 -23.5761481776 -51.4779146863 -0.274119882903 -23.5761481776 -51.4779146863 -0.274119882903 -23.5761481776 -51.4779146863 -0.274119882903 -11.7880551745 -51.4779146863 -0.274119882903 -11.7880551745 -51.4779146863 -0.274119882903 -11.7880551745 -51.4779146863 -0.274119882903 -11.7880551745 -42.2644702056 -0.274119882903 -11.7880551745 -42.2644702056 -0.274119882903 -11.7880551745 -42.2644702056 -0.274119882903 -22.8008900001 -39.6602019334 -0.274119882903 -39.8732144638 -22.7807652148 -0.274119882903 -42.4774827359 -11.7880551745 -0.274119882903 -42.4343960245 -11.967475958 -0.274119882903 -42.4343960245 -11.967475958 -0.274119882903 -51.4779146863 -11.7880551745 -0.274119882903 -51.4779146863 -11.7880551745 -0.274119882903 -51.4779146863 -11.8814916778 -0.274119882903 -51.4779146863 -23.5761481776 -0.274119882903 -51.4779146863 -23.5761481776 -0.274119882903 -51.4779146863 -23.5761481776 -0.274119882903 -76.3137533738 1.16376336979e-12 -0.274119882903 -76.3137533738 1.16376336979e-12 -0.274119882903 -76.3137533738 1.16376336979e-12 -0.274119882903 -51.4779146863 23.5761481776 -0.274119882903 -51.4779146863 23.5761481776 -0.274119882903 -51.4779146863 23.5761481776 -0.274119882903 -51.4779146863 11.7880551746 -0.274119882903 -51.4779146863 11.7880551746 -0.274119882903 -51.4779146863 11.7880551746 -0.274119882903 -42.1881322041 11.7880551746 -0.274119882903 -42.1881322041 11.7880551746 -0.274119882903 -42.1881322041 11.7880551746 -0.274119882903 -39.8127644507 22.9859094081 -0.274119882903 -22.9859094081 39.8127644507 -0.274119882903 -11.7880551745 42.4220639192 -0.274119882903 -11.5929355454 42.351589342 -0.274119882903 -11.7880551745 42.2291761741 -0.274119882903 -11.7880551745 51.4779146863 -0.274119882903 -11.7880551745 51.4779146863 -0.274119882903 -11.7880551745 51.4779146863 -0.274119882903 -23.5761481776 51.4779146863 -0.274119882903 -23.5761481776 51.4779146863 -0.274119882903 -23.5761481776 51.4779146863 -0.274119882903 7.27352106118e-13 76.3137533738 -0.274119882903 7.27352106118e-13 76.3137533738 -0.274119882903 7.27352106118e-13 76.3137533738 -0.274119882903 23.5761481776 51.4779146863 -0.274119882903 23.5761481776 51.4779146863 -0.274119882903 23.5761481776 51.4779146863 -0.274119882903 11.7880551746 51.4779146863 -0.274119882903 11.7880551746 51.4779146863 -0.274119882903 11.7880551746 51.4779146863 -0.274119882903 11.7880551746 42.1327133873 -0.274119882903 11.7880551746 42.1327133873 -0.274119882903 11.7880551746 42.1327133873 -0.274119882903 22.9859094081 39.8127644507 -0.274119882903 39.8127644507 22.9859094081 -0.274119882903 42.2867133893 11.8274725172 -0.274119882903 42.2865999037 11.8280399453 -0.274119882903 42.2865999037 11.8280399453 -0.274119882903 51.4779146863 11.7880551746 -0.274119882903 51.4779146863 11.7880551746 -0.274119882903 51.4779146863 11.7880551746 -0.274119882903 51.4779146863 23.5761481776 -0.274119882903 51.4779146863 23.5761481776 -0.274119882903 51.4779146863 23.5761481776 -0.274119882903 76.3137533738 1.16376336979e-12 -0.274119882903 76.3137533738 1.16376336979e-12 -0.274119882903 76.3137533738 1.16376336979e-12 -0.274119882903 51.4779146863 -23.5761481776 -0.274119882903 51.4779146863 -23.5761481776 -0.274119882903 51.4779146863 -23.5761481776 -0.274119882903 51.4779146863 -11.7880551745 -0.274119882903 51.4779146863 -11.7880551745 -0.274119882903 51.4779146863 -11.7880551745 -0.274119882903 42.3120206851 -11.736684012 -0.274119882903 42.3120206851 -11.736684012 -0.274119882903 42.3120206851 -11.736684012 -0.274119882903 39.8127644507 -22.9859094081 -0.274119882903 22.9859094081 -39.8127644507 -0.274119882903 12.0230839174 -42.2315593724 -0.274119882903 12.0230839174 -42.2315593724 -0.274119882903 12.0230839174 -42.2315593724 -0.274119882903 12.0018242758 -51.4779146863 -0.274119882903 12.0021269041 -51.3489950089 -0.274119882903 12.0021269041 -51.3489950089 -0.274119882903 23.394835967 -51.4779146863 -0.274119882903 23.394835967 -51.4779146863 -0.274119882903 23.394835967 -51.4779146863 -0.274119882903 0.0320562485081 -76.2799724841
-> CNT_GEAR_1 gear
3 97 0 0 3 102 0.0 0.0 0.0 0.0279841174983 0.0279841174983 0.0279841174983 0.0468856389811 0.0468856389811 0.0468856389811 0.0781143570669 0.0781143570669 0.0781143570669 0.0970158786806 0.0970158786806 0.0970158786806 0.152984114137 0.152984114137 0.152984114137 0.171885635775 0.171885635775 0.171885635775 0.203114354117 0.203114354117 0.203114354117 0.222015875886 0.222015875886 0.222015875886 0.277984111801 0.277984111801 0.277984111801 0.296885633594 0.296885633594 0.296885633594 0.328114352193 0.328114352193 0.328114352193 0.347015874117 0.347015874117 0.347015874117 0.402984110492 0.402984110492 0.402984110492 0.42188563244 0.42188563244 0.42188563244 0.453114351295 0.453114351295 0.453114351295 0.472015873374 0.472015873374 0.472015873374 0.527984110208 0.527984110208 0.527984110208 0.546885632312 0.546885632312 0.546885632312 0.578114351423 0.578114351423 0.578114351423 0.597015873657 0.597015873657 0.597015873657 0.652984110951 0.652984110951 0.652984110951 0.67188563321 0.67188563321 0.67188563321 0.703114352577 0.703114352577 0.703114352577 0.722015874967 0.722015874967 0.722015874967 0.77798411272 0.77798411272 0.77798411272 0.796885635134 0.796885635134 0.796885635134 0.828114354758 0.828114354758 0.828114354758 0.847015877302 0.847015877302 0.847015877302 0.902984115515 0.902984115515 0.902984115515 0.921885638084 0.921885638084 0.921885638084 0.953114357964 0.953114357964 0.953114357964 0.972015880664 0.972015880664 0.972015880664 1.0 1.0 1.0 100 1.63401022776e-16 204.744780378 -5.01697574684e-15 1.33257401214e-16 204.744780378 0.492282698694 1.03113779653e-16 204.792430897 0.984565397386 1.63401022776e-16 204.884470524 1.46897435079 1.63401022776e-16 204.315836679 1.85234013976 1.63401022776e-16 203.747202834 2.23570592874 3.02913274481e-18 203.178568989 2.61907172162 -4.68999555891e-17 203.403330613 3.43447561388 -9.51738113909e-17 203.729884943 4.22284750749 1.63401022776e-16 204.147532099 4.95835560049 1.63401022776e-16 204.820697496 4.8273513017 1.63401022776e-16 205.493862893 4.6963470029 -1.16145593741e-16 206.16702829 4.56534270471 -1.66063507574e-16 206.721922313 5.38056410353 -2.09657281769e-16 207.424638006 6.09250446422 1.63401022776e-16 208.244471739 6.64278615378 1.63401022776e-16 208.113467441 7.31595155069 1.63401022776e-16 207.982463142 7.9891169476 3.02913274481e-18 207.851458846 8.66228234671 -4.68999555891e-17 208.586966936 9.07992950028 -9.51738113909e-17 209.37533883 9.40648383081 1.63401022776e-16 210.190742726 9.63124545501 1.63401022776e-16 210.574108515 9.0626116099 1.63401022776e-16 210.957474304 8.49397776487 -1.16145593741e-16 211.340840093 7.92534392013 -1.66063507574e-16 212.309657999 8.10942317295 -2.09657281769e-16 213.309970888 8.11594599757 1.63401022776e-16 214.278788794 7.92534391983 1.63401022776e-16 214.662154583 8.49397776487 1.63401022776e-16 215.045520372 9.0626116099 3.02913274481e-18 215.428886165 9.63124545421 -4.68999555891e-17 216.244290057 9.40648383081 -9.51738113909e-17 217.032661951 9.07992950028 1.63401022776e-16 217.768170044 8.66228234453 1.63401022776e-16 217.637165745 7.9891169476 1.63401022776e-16 217.506161446 7.31595155069 -1.16145593741e-16 217.375157148 6.6427861536 -1.66063507574e-16 218.190378547 6.08789213069 -2.09657281769e-16 218.902318908 5.38517643706 1.63401022776e-16 219.452600597 4.56534270412 1.63401022776e-16 220.125765994 4.6963470029 1.63401022776e-16 220.798931391 4.8273513017 3.02913274481e-18 221.47209679 4.95835559716 -4.68999555891e-17 221.889743944 4.22284750749 -9.51738113909e-17 222.216298274 3.43447561388 1.63401022776e-16 222.441059899 2.61907171772 1.63401022776e-16 221.872426053 2.23570592874 1.63401022776e-16 221.303792208 1.85234013976 -1.16145593741e-16 220.735158364 1.46897435024 -1.66063507574e-16 220.919237616 0.500156444534 -2.09657281769e-16 220.925760441 -0.500156444534 1.63401022776e-16 220.735158363 -1.46897435079 1.63401022776e-16 221.303792208 -1.85234013976 1.63401022776e-16 221.872426053 -2.23570592874 3.02913274481e-18 222.441059898 -2.61907172162 -4.68999555891e-17 222.216298274 -3.43447561388 -9.51738113909e-17 221.889743944 -4.22284750749 1.63401022776e-16 221.472096788 -4.95835560049 1.63401022776e-16 220.798931391 -4.8273513017 1.63401022776e-16 220.125765994 -4.6963470029 -1.16145593741e-16 219.452600597 -4.56534270471 -1.66063507574e-16 218.897706574 -5.38056410353 -2.09657281769e-16 218.194990881 -6.09250446422 1.63401022776e-16 217.375157148 -6.64278615378 1.63401022776e-16 217.506161446 -7.31595155069 1.63401022776e-16 217.637165745 -7.9891169476 3.02913274481e-18 217.768170041 -8.66228234671 -4.68999555891e-17 217.032661951 -9.07992950028 -9.51738113909e-17 216.244290057 -9.40648383081 1.63401022776e-16 215.428886161 -9.63124545501 1.63401022776e-16 215.045520372 -9.0626116099 1.63401022776e-16 214.662154583 -8.49397776487 -1.16145593741e-16 214.278788794 -7.92534392013 -1.66063507574e-16 213.309970888 -8.10942317295 -2.09657281769e-16 212.309657999 -8.11594599757 1.63401022776e-16 211.340840093 -7.92534391983 1.63401022776e-16 210.957474304 -8.49397776487 1.63401022776e-16 210.574108515 -9.0626116099 3.02913274481e-18 210.190742722 -9.63124545421 -4.68999555891e-17 209.37533883 -9.40648383081 -9.51738113909e-17 208.586966936 -9.07992950028 1.63401022776e-16 207.851458843 -8.66228234453 1.63401022776e-16 207.982463142 -7.9891169476 1.63401022776e-16 208.113467441 -7.31595155069 -1.16145593741e-16 208.244471739 -6.6427861536 -1.66063507574e-16 207.42925034 -6.08789213069 -2.09657281769e-16 206.717309979 -5.38517643706 1.63401022776e-16 206.16702829 -4.56534270412 1.63401022776e-16 205.493862893 -4.6963470029 1.63401022776e-16 204.820697496 -4.8273513017 3.02913274481e-18 204.147532097 -4.95835559716 -4.68999555891e-17 203.729884943 -4.22284750749 -9.51738113909e-17 203.403330613 -3.43447561388 1.63401022776e-16 203.178568989 -2.61907171772 1.63401022776e-16 203.747202834 -2.23570592874 1.63401022776e-16 204.315836679 -1.85234013976 -1.16145593741e-16 204.884470523 -1.46897435024 -1.41104550658e-16 204.792430897 -0.984565397386 -1.64482472665e-16 204.744780378 -0.492282698694 -1.85797231881e-16 204.744780378 -7.6108885372e-15
-> CNT_GEAR_FOOT_1_L gear
 3 97 0 0 3 102 0.0 0.0 0.0 0.0279841174983 0.0279841174983 0.0279841174983 0.0468856389811 0.0468856389811 0.0468856389811 0.0781143570669 0.0781143570669 0.0781143570669 0.0970158786806 0.0970158786806 0.0970158786806 0.152984114137 0.152984114137 0.152984114137 0.171885635775 0.171885635775 0.171885635775 0.203114354117 0.203114354117 0.203114354117 0.222015875886 0.222015875886 0.222015875886 0.277984111801 0.277984111801 0.277984111801 0.296885633594 0.296885633594 0.296885633594 0.328114352193 0.328114352193 0.328114352193 0.347015874117 0.347015874117 0.347015874117 0.402984110492 0.402984110492 0.402984110492 0.42188563244 0.42188563244 0.42188563244 0.453114351295 0.453114351295 0.453114351295 0.472015873374 0.472015873374 0.472015873374 0.527984110208 0.527984110208 0.527984110208 0.546885632312 0.546885632312 0.546885632312 0.578114351423 0.578114351423 0.578114351423 0.597015873657 0.597015873657 0.597015873657 0.652984110951 0.652984110951 0.652984110951 0.67188563321 0.67188563321 0.67188563321 0.703114352577 0.703114352577 0.703114352577 0.722015874967 0.722015874967 0.722015874967 0.77798411272 0.77798411272 0.77798411272 0.796885635134 0.796885635134 0.796885635134 0.828114354758 0.828114354758 0.828114354758 0.847015877302 0.847015877302 0.847015877302 0.902984115515 0.902984115515 0.902984115515 0.921885638084 0.921885638084 0.921885638084 0.953114357964 0.953114357964 0.953114357964 0.972015880664 0.972015880664 0.972015880664 1.0 1.0 1.0 100 -12.2610505828 0.0143214926106 -7.36348525674 -12.2610505828 0.0143214926106 -7.28759076515 -12.2537043731 0.0143214926106 -7.21169627357 -12.2395147607 0.0143214926106 -7.13701566559 -12.327180195 0.0143214926106 -7.07791273201 -12.4148456293 0.0143214926106 -7.01880979843 -12.5025110635 0.0143214926106 -6.95970686425 -12.4678598982 0.0143214926106 -6.83399725877 -12.4175155027 0.0143214926106 -6.71245513632 -12.3531274618 0.0143214926106 -6.5990629474 -12.2493465536 0.0143214926106 -6.61925968533 -12.1455656454 0.0143214926106 -6.63945642326 -12.0417847372 0.0143214926106 -6.65965316109 -11.9562375509 0.0143214926106 -6.53397169035 -11.8479009174 0.0143214926106 -6.42421290368 -11.72150837 0.0143214926106 -6.33937679392 -11.7417051079 0.0143214926106 -6.23559588575 -11.7619018458 0.0143214926106 -6.13181497757 -11.7820985833 0.0143214926106 -6.02803406906 -11.6687063949 0.0143214926106 -5.96364602848 -11.5471642724 0.0143214926106 -5.91330163296 -11.4214546663 0.0143214926106 -5.8786504676 -11.3623517327 0.0143214926106 -5.96631590189 -11.3032487992 0.0143214926106 -6.05398133616 -11.2441458655 0.0143214926106 -6.14164677038 -11.0947846497 0.0143214926106 -6.11326754572 -10.9405678992 0.0143214926106 -6.11226193155 -10.7912066833 0.0143214926106 -6.14164677043 -10.7321037497 0.0143214926106 -6.05398133616 -10.6730008161 0.0143214926106 -5.96631590189 -10.613897882 0.0143214926106 -5.87865046773 -10.4881882765 0.0143214926106 -5.91330163296 -10.366646154 0.0143214926106 -5.96364602848 -10.2532539651 0.0143214926106 -6.0280340694 -10.273450703 0.0143214926106 -6.13181497757 -10.293647441 0.0143214926106 -6.23559588575 -10.3138441788 0.0143214926106 -6.33937679395 -10.1881627081 0.0143214926106 -6.42492398028 -10.0784039214 0.0143214926106 -6.53326061375 -9.99356781163 0.0143214926106 -6.65965316118 -9.88978690345 0.0143214926106 -6.63945642326 -9.78600599528 0.0143214926106 -6.61925968533 -9.68222508677 0.0143214926106 -6.59906294791 -9.61783704618 0.0143214926106 -6.71245513632 -9.56749265067 0.0143214926106 -6.83399725877 -9.53284148531 0.0143214926106 -6.95970686485 -9.62050691959 0.0143214926106 -7.01880979843 -9.70817235386 0.0143214926106 -7.07791273201 -9.79583778809 0.0143214926106 -7.13701566568 -9.76745856343 0.0143214926106 -7.28637688147 -9.76645294925 0.0143214926106 -7.440593632 -9.79583778813 0.0143214926106 -7.58995484788 -9.70817235386 0.0143214926106 -7.64905778146 -9.62050691959 0.0143214926106 -7.70816071504 -9.53284148543 0.0143214926106 -7.76726364923 -9.56749265067 0.0143214926106 -7.8929732547 -9.61783704618 0.0143214926106 -8.01451537715 -9.6822250871 0.0143214926106 -8.12790756607 -9.78600599528 0.0143214926106 -8.10771082814 -9.88978690345 0.0143214926106 -8.08751409022 -9.99356781166 0.0143214926106 -8.06731735238 -10.079114998 0.0143214926106 -8.19299882312 -10.1874516315 0.0143214926106 -8.3027576098 -10.3138441789 0.0143214926106 -8.38759371955 -10.293647441 0.0143214926106 -8.49137462772 -10.273450703 0.0143214926106 -8.5951555359 -10.2532539656 0.0143214926106 -8.69893644441 -10.366646154 0.0143214926106 -8.76332448499 -10.4881882765 0.0143214926106 -8.81366888051 -10.6138978826 0.0143214926106 -8.84832004587 -10.6730008161 0.0143214926106 -8.76065461159 -10.7321037497 0.0143214926106 -8.67298917732 -10.7912066834 0.0143214926106 -8.58532374309 -10.9405678992 0.0143214926106 -8.61370296775 -11.0947846497 0.0143214926106 -8.61470858192 -11.2441458656 0.0143214926106 -8.58532374304 -11.3032487992 0.0143214926106 -8.67298917732 -11.3623517327 0.0143214926106 -8.76065461159 -11.4214546669 0.0143214926106 -8.84832004574 -11.5471642724 0.0143214926106 -8.81366888051 -11.6687063949 0.0143214926106 -8.76332448499 -11.7820985838 0.0143214926106 -8.69893644407 -11.7619018458 0.0143214926106 -8.5951555359 -11.7417051079 0.0143214926106 -8.49137462772 -11.7215083701 0.0143214926106 -8.38759371952 -11.8471898408 0.0143214926106 -8.30204653319 -11.9569486275 0.0143214926106 -8.19370989972 -12.0417847373 0.0143214926106 -8.06731735229 -12.1455656454 0.0143214926106 -8.08751409022 -12.2493465536 0.0143214926106 -8.10771082814 -12.3531274621 0.0143214926106 -8.12790756556 -12.4175155027 0.0143214926106 -8.01451537715 -12.4678598982 0.0143214926106 -7.8929732547 -12.5025110636 0.0143214926106 -7.76726364862 -12.4148456293 0.0143214926106 -7.70816071504 -12.327180195 0.0143214926106 -7.64905778146 -12.2395147608 0.0143214926106 -7.58995484779 -12.2537043731 0.0143214926106 -7.5152742399 -12.2610505828 0.0143214926106 -7.43937974832 -12.2610505828 0.0143214926106 -7.36348525674
-> CNT_GEAR_FOOT_1_R gear
 3 97 0 0 3 102 0.0 0.0 0.0 0.0279841174983 0.0279841174983 0.0279841174983 0.0468856389811 0.0468856389811 0.0468856389811 0.0781143570669 0.0781143570669 0.0781143570669 0.0970158786806 0.0970158786806 0.0970158786806 0.152984114137 0.152984114137 0.152984114137 0.171885635775 0.171885635775 0.171885635775 0.203114354117 0.203114354117 0.203114354117 0.222015875886 0.222015875886 0.222015875886 0.277984111801 0.277984111801 0.277984111801 0.296885633594 0.296885633594 0.296885633594 0.328114352193 0.328114352193 0.328114352193 0.347015874117 0.347015874117 0.347015874117 0.402984110492 0.402984110492 0.402984110492 0.42188563244 0.42188563244 0.42188563244 0.453114351295 0.453114351295 0.453114351295 0.472015873374 0.472015873374 0.472015873374 0.527984110208 0.527984110208 0.527984110208 0.546885632312 0.546885632312 0.546885632312 0.578114351423 0.578114351423 0.578114351423 0.597015873657 0.597015873657 0.597015873657 0.652984110951 0.652984110951 0.652984110951 0.67188563321 0.67188563321 0.67188563321 0.703114352577 0.703114352577 0.703114352577 0.722015874967 0.722015874967 0.722015874967 0.77798411272 0.77798411272 0.77798411272 0.796885635134 0.796885635134 0.796885635134 0.828114354758 0.828114354758 0.828114354758 0.847015877302 0.847015877302 0.847015877302 0.902984115515 0.902984115515 0.902984115515 0.921885638084 0.921885638084 0.921885638084 0.953114357964 0.953114357964 0.953114357964 0.972015880664 0.972015880664 0.972015880664 1.0 1.0 1.0 100 9.77430196605 -0.0143214926107 7.36348525674 9.77430196605 -0.0143214926107 7.43937974832 9.78164817576 -0.0143214926107 7.5152742399 9.79583778813 -0.0143214926107 7.58995484788 9.70817235386 -0.0143214926107 7.64905778146 9.62050691959 -0.0143214926107 7.70816071504 9.53284148543 -0.0143214926107 7.76726364923 9.56749265067 -0.0143214926107 7.8929732547 9.61783704618 -0.0143214926107 8.01451537715 9.6822250871 -0.0143214926107 8.12790756607 9.78600599528 -0.0143214926107 8.10771082814 9.88978690345 -0.0143214926107 8.08751409022 9.99356781166 -0.0143214926107 8.06731735238 10.079114998 -0.0143214926107 8.19299882312 10.1874516315 -0.0143214926107 8.3027576098 10.3138441789 -0.0143214926107 8.38759371955 10.293647441 -0.0143214926107 8.49137462772 10.273450703 -0.0143214926107 8.5951555359 10.2532539656 -0.0143214926107 8.69893644441 10.366646154 -0.0143214926107 8.76332448499 10.4881882765 -0.0143214926107 8.81366888051 10.6138978826 -0.0143214926107 8.84832004587 10.6730008161 -0.0143214926107 8.76065461159 10.7321037497 -0.0143214926107 8.67298917732 10.7912066834 -0.0143214926107 8.58532374309 10.9405678992 -0.0143214926107 8.61370296775 11.0947846497 -0.0143214926107 8.61470858192 11.2441458656 -0.0143214926107 8.58532374304 11.3032487992 -0.0143214926107 8.67298917732 11.3623517327 -0.0143214926107 8.76065461159 11.4214546669 -0.0143214926107 8.84832004574 11.5471642724 -0.0143214926107 8.81366888051 11.6687063949 -0.0143214926107 8.76332448499 11.7820985838 -0.0143214926107 8.69893644407 11.7619018458 -0.0143214926107 8.5951555359 11.7417051079 -0.0143214926107 8.49137462772 11.7215083701 -0.0143214926107 8.38759371952 11.8471898408 -0.0143214926107 8.30204653319 11.9569486275 -0.0143214926107 8.19370989972 12.0417847373 -0.0143214926107 8.06731735229 12.1455656454 -0.0143214926107 8.08751409022 12.2493465536 -0.0143214926107 8.10771082814 12.3531274621 -0.0143214926107 8.12790756556 12.4175155027 -0.0143214926107 8.01451537715 12.4678598982 -0.0143214926107 7.8929732547 12.5025110636 -0.0143214926107 7.76726364862 12.4148456293 -0.0143214926107 7.70816071504 12.327180195 -0.0143214926107 7.64905778146 12.2395147608 -0.0143214926107 7.58995484779 12.2678939855 -0.0143214926107 7.440593632 12.2688995996 -0.0143214926107 7.28637688147 12.2395147607 -0.0143214926107 7.13701566559 12.327180195 -0.0143214926107 7.07791273201 12.4148456293 -0.0143214926107 7.01880979843 12.5025110635 -0.0143214926107 6.95970686425 12.4678598982 -0.0143214926107 6.83399725877 12.4175155027 -0.0143214926107 6.71245513632 12.3531274618 -0.0143214926107 6.5990629474 12.2493465536 -0.0143214926107 6.61925968533 12.1455656454 -0.0143214926107 6.63945642326 12.0417847372 -0.0143214926107 6.65965316109 11.9562375509 -0.0143214926107 6.53397169035 11.8479009174 -0.0143214926107 6.42421290368 11.72150837 -0.0143214926107 6.33937679392 11.7417051079 -0.0143214926107 6.23559588575 11.7619018458 -0.0143214926107 6.13181497757 11.7820985833 -0.0143214926107 6.02803406906 11.6687063949 -0.0143214926107 5.96364602848 11.5471642724 -0.0143214926107 5.91330163296 11.4214546663 -0.0143214926107 5.8786504676 11.3623517327 -0.0143214926107 5.96631590189 11.3032487992 -0.0143214926107 6.05398133616 11.2441458655 -0.0143214926107 6.14164677038 11.0947846497 -0.0143214926107 6.11326754572 10.9405678992 -0.0143214926107 6.11226193155 10.7912066833 -0.0143214926107 6.14164677043 10.7321037497 -0.0143214926107 6.05398133616 10.6730008161 -0.0143214926107 5.96631590189 10.613897882 -0.0143214926107 5.87865046773 10.4881882765 -0.0143214926107 5.91330163296 10.366646154 -0.0143214926107 5.96364602848 10.2532539651 -0.0143214926107 6.0280340694 10.273450703 -0.0143214926107 6.13181497757 10.293647441 -0.0143214926107 6.23559588575 10.3138441788 -0.0143214926107 6.33937679395 10.1881627081 -0.0143214926107 6.42492398028 10.0784039214 -0.0143214926107 6.53326061375 9.99356781163 -0.0143214926107 6.65965316118 9.88978690345 -0.0143214926107 6.63945642326 9.78600599528 -0.0143214926107 6.61925968533 9.68222508677 -0.0143214926107 6.59906294791 9.61783704618 -0.0143214926107 6.71245513632 9.56749265067 -0.0143214926107 6.83399725877 9.53284148531 -0.0143214926107 6.95970686485 9.62050691959 -0.0143214926107 7.01880979843 9.70817235386 -0.0143214926107 7.07791273201 9.79583778809 -0.0143214926107 7.13701566568 9.78164817576 -0.0143214926107 7.21169627357 9.77430196605 -0.0143214926107 7.28759076515 9.77430196605 -0.0143214926107 7.36348525674
-> CNT_GEAR_HAND_1_L gear
 3 97 0 0 3 102 0.0 0.0 0.0 0.0279841174983 0.0279841174983 0.0279841174983 0.0468856389811 0.0468856389811 0.0468856389811 0.0781143570669 0.0781143570669 0.0781143570669 0.0970158786806 0.0970158786806 0.0970158786806 0.152984114137 0.152984114137 0.152984114137 0.171885635775 0.171885635775 0.171885635775 0.203114354117 0.203114354117 0.203114354117 0.222015875886 0.222015875886 0.222015875886 0.277984111801 0.277984111801 0.277984111801 0.296885633594 0.296885633594 0.296885633594 0.328114352193 0.328114352193 0.328114352193 0.347015874117 0.347015874117 0.347015874117 0.402984110492 0.402984110492 0.402984110492 0.42188563244 0.42188563244 0.42188563244 0.453114351295 0.453114351295 0.453114351295 0.472015873374 0.472015873374 0.472015873374 0.527984110208 0.527984110208 0.527984110208 0.546885632312 0.546885632312 0.546885632312 0.578114351423 0.578114351423 0.578114351423 0.597015873657 0.597015873657 0.597015873657 0.652984110951 0.652984110951 0.652984110951 0.67188563321 0.67188563321 0.67188563321 0.703114352577 0.703114352577 0.703114352577 0.722015874967 0.722015874967 0.722015874967 0.77798411272 0.77798411272 0.77798411272 0.796885635134 0.796885635134 0.796885635134 0.828114354758 0.828114354758 0.828114354758 0.847015877302 0.847015877302 0.847015877302 0.902984115515 0.902984115515 0.902984115515 0.921885638084 0.921885638084 0.921885638084 0.953114357964 0.953114357964 0.953114357964 0.972015880664 0.972015880664 0.972015880664 1.0 1.0 1.0 100 1.17180073752 0.0729027021999 8.45311971194 1.17180073752 0.0729027021999 8.37722522036 1.16445452781 0.0729027021999 8.30133072878 1.15026491544 0.0729027021999 8.2266501208 1.23793034971 0.0729027021999 8.16754718722 1.32559578398 0.0729027021999 8.10844425364 1.41326121814 0.0729027021999 8.04934131945 1.3786100529 0.0729027021999 7.92363171397 1.32826565739 0.0729027021999 7.80208959153 1.26387761647 0.0729027021999 7.68869740261 1.16009670829 0.0729027021999 7.70889414054 1.05631580012 0.0729027021999 7.72909087846 0.952534891914 0.0729027021999 7.7492876163 0.866987705587 0.0729027021999 7.62360614556 0.75865107211 0.0729027021999 7.51384735888 0.632258524681 0.0729027021999 7.42901124913 0.652455262608 0.0729027021999 7.32523034096 0.672652000537 0.0729027021999 7.22144943278 0.69284873795 0.0729027021999 7.11766852427 0.579456549543 0.0729027021999 7.05328048369 0.457914427097 0.0729027021999 7.00293608817 0.332204821016 0.0729027021999 6.96828492281 0.273101887434 0.0729027021999 7.05595035709 0.213998953852 0.0729027021999 7.14361579136 0.154896020187 0.0729027021999 7.23128122559 0.00553480439723 0.0729027021999 7.20290200093 -0.148681946141 0.0729027021999 7.20189638676 -0.298043162015 0.0729027021999 7.23128122564 -0.357146095596 0.0729027021999 7.14361579136 -0.416249029178 0.0729027021999 7.05595035709 -0.475351963362 0.0729027021999 6.96828492293 -0.601061568841 0.0729027021999 7.00293608817 -0.722603691286 0.0729027021999 7.05328048369 -0.835995880207 0.0729027021999 7.1176685246 -0.81579914228 0.0729027021999 7.22144943278 -0.795602404352 0.0729027021999 7.32523034096 -0.775405666517 0.0729027021999 7.42901124916 -0.901087137253 0.0729027021999 7.51455843549 -1.01084592393 0.0729027021999 7.62289506896 -1.09568203368 0.0729027021999 7.74928761639 -1.19946294186 0.0729027021999 7.72909087846 -1.30324385003 0.0729027021999 7.70889414054 -1.40702475855 0.0729027021999 7.68869740312 -1.47141279913 0.0729027021999 7.80208959153 -1.52175719465 0.0729027021999 7.92363171397 -1.55640836001 0.0729027021999 8.04934132006 -1.46874292572 0.0729027021999 8.10844425364 -1.38107749145 0.0729027021999 8.16754718722 -1.29341205723 0.0729027021999 8.22665012089 -1.32179128189 0.0729027021999 8.37601133667 -1.32279689606 0.0729027021999 8.53022808721 -1.29341205718 0.0729027021999 8.67958930309 -1.38107749145 0.0729027021999 8.73869223667 -1.46874292572 0.0729027021999 8.79779517025 -1.55640835988 0.0729027021999 8.85689810443 -1.52175719465 0.0729027021999 8.98260770991 -1.47141279913 0.0729027021999 9.10414983236 -1.40702475821 0.0729027021999 9.21754202128 -1.30324385003 0.0729027021999 9.19734528335 -1.19946294186 0.0729027021999 9.17714854542 -1.09568203366 0.0729027021999 9.15695180759 -1.01013484733 0.0729027021999 9.28263327833 -0.901798213854 0.0729027021999 9.392392065 -0.775405666425 0.0729027021999 9.47722817476 -0.795602404352 0.0729027021999 9.58100908293 -0.81579914228 0.0729027021999 9.68478999111 -0.835995879694 0.0729027021999 9.78857089962 -0.722603691286 0.0729027021999 9.8529589402 -0.601061568841 0.0729027021999 9.90330333572 -0.47535196276 0.0729027021999 9.93795450108 -0.416249029178 0.0729027021999 9.85028906679 -0.357146095596 0.0729027021999 9.76262363252 -0.29804316193 0.0729027021999 9.6749581983 -0.148681946141 0.0729027021999 9.70333742296 0.00553480439723 0.0729027021999 9.70434303713 0.154896020271 0.0729027021999 9.67495819825 0.213998953852 0.0729027021999 9.76262363252 0.273101887434 0.0729027021999 9.85028906679 0.332204821618 0.0729027021999 9.93795450095 0.457914427097 0.0729027021999 9.90330333572 0.579456549543 0.0729027021999 9.8529589402 0.692848738464 0.0729027021999 9.78857089928 0.672652000537 0.0729027021999 9.68478999111 0.652455262608 0.0729027021999 9.58100908293 0.632258524773 0.0729027021999 9.47722817473 0.75793999551 0.0729027021999 9.3916809884 0.867698782188 0.0729027021999 9.28334435493 0.952534891941 0.0729027021999 9.1569518075 1.05631580012 0.0729027021999 9.17714854542 1.16009670829 0.0729027021999 9.19734528335 1.2638776168 0.0729027021999 9.21754202077 1.32826565739 0.0729027021999 9.10414983236 1.3786100529 0.0729027021999 8.98260770991 1.41326121826 0.0729027021999 8.85689810383 1.32559578398 0.0729027021999 8.79779517025 1.23793034971 0.0729027021999 8.73869223667 1.15026491548 0.0729027021999 8.679589303 1.16445452781 0.0729027021999 8.60490869511 1.17180073752 0.0729027021999 8.52901420353 1.17180073752 0.0729027021999 8.45311971194
-> CNT_GEAR_HAND_1_R gear
 3 97 0 0 3 102 0.0 0.0 0.0 0.0279841174983 0.0279841174983 0.0279841174983 0.0468856389811 0.0468856389811 0.0468856389811 0.0781143570669 0.0781143570669 0.0781143570669 0.0970158786806 0.0970158786806 0.0970158786806 0.152984114137 0.152984114137 0.152984114137 0.171885635775 0.171885635775 0.171885635775 0.203114354117 0.203114354117 0.203114354117 0.222015875886 0.222015875886 0.222015875886 0.277984111801 0.277984111801 0.277984111801 0.296885633594 0.296885633594 0.296885633594 0.328114352193 0.328114352193 0.328114352193 0.347015874117 0.347015874117 0.347015874117 0.402984110492 0.402984110492 0.402984110492 0.42188563244 0.42188563244 0.42188563244 0.453114351295 0.453114351295 0.453114351295 0.472015873374 0.472015873374 0.472015873374 0.527984110208 0.527984110208 0.527984110208 0.546885632312 0.546885632312 0.546885632312 0.578114351423 0.578114351423 0.578114351423 0.597015873657 0.597015873657 0.597015873657 0.652984110951 0.652984110951 0.652984110951 0.67188563321 0.67188563321 0.67188563321 0.703114352577 0.703114352577 0.703114352577 0.722015874967 0.722015874967 0.722015874967 0.77798411272 0.77798411272 0.77798411272 0.796885635134 0.796885635134 0.796885635134 0.828114354758 0.828114354758 0.828114354758 0.847015877302 0.847015877302 0.847015877302 0.902984115515 0.902984115515 0.902984115515 0.921885638084 0.921885638084 0.921885638084 0.953114357964 0.953114357964 0.953114357964 0.972015880664 0.972015880664 0.972015880664 1.0 1.0 1.0 100 1.17180073752 -0.0729027021998 8.45311971194 1.17180073752 -0.0729027021998 8.37722522036 1.16445452781 -0.0729027021998 8.30133072878 1.15026491544 -0.0729027021998 8.2266501208 1.23793034971 -0.0729027021998 8.16754718722 1.32559578398 -0.0729027021998 8.10844425364 1.41326121814 -0.0729027021998 8.04934131945 1.3786100529 -0.0729027021998 7.92363171397 1.32826565739 -0.0729027021998 7.80208959153 1.26387761647 -0.0729027021998 7.68869740261 1.16009670829 -0.0729027021998 7.70889414054 1.05631580012 -0.0729027021998 7.72909087846 0.952534891914 -0.0729027021998 7.7492876163 0.866987705587 -0.0729027021998 7.62360614556 0.75865107211 -0.0729027021998 7.51384735888 0.632258524681 -0.0729027021998 7.42901124913 0.652455262609 -0.0729027021998 7.32523034096 0.672652000537 -0.0729027021998 7.22144943278 0.69284873795 -0.0729027021998 7.11766852427 0.579456549543 -0.0729027021998 7.05328048369 0.457914427097 -0.0729027021998 7.00293608817 0.332204821016 -0.0729027021998 6.96828492281 0.273101887434 -0.0729027021998 7.05595035709 0.213998953852 -0.0729027021998 7.14361579136 0.154896020187 -0.0729027021998 7.23128122559 0.00553480439728 -0.0729027021998 7.20290200093 -0.148681946141 -0.0729027021998 7.20189638676 -0.298043162015 -0.0729027021998 7.23128122564 -0.357146095596 -0.0729027021998 7.14361579136 -0.416249029178 -0.0729027021998 7.05595035709 -0.475351963361 -0.0729027021998 6.96828492293 -0.601061568841 -0.0729027021998 7.00293608817 -0.722603691286 -0.0729027021998 7.05328048369 -0.835995880207 -0.0729027021998 7.1176685246 -0.81579914228 -0.0729027021998 7.22144943278 -0.795602404352 -0.0729027021998 7.32523034096 -0.775405666517 -0.0729027021998 7.42901124916 -0.901087137253 -0.0729027021998 7.51455843549 -1.01084592393 -0.0729027021998 7.62289506896 -1.09568203368 -0.0729027021998 7.74928761639 -1.19946294186 -0.0729027021998 7.72909087846 -1.30324385003 -0.0729027021998 7.70889414054 -1.40702475855 -0.0729027021998 7.68869740312 -1.47141279913 -0.0729027021998 7.80208959153 -1.52175719465 -0.0729027021998 7.92363171397 -1.55640836001 -0.0729027021998 8.04934132006 -1.46874292572 -0.0729027021998 8.10844425364 -1.38107749145 -0.0729027021998 8.16754718722 -1.29341205723 -0.0729027021998 8.22665012089 -1.32179128189 -0.0729027021998 8.37601133667 -1.32279689606 -0.0729027021998 8.53022808721 -1.29341205718 -0.0729027021998 8.67958930309 -1.38107749145 -0.0729027021998 8.73869223667 -1.46874292572 -0.0729027021998 8.79779517025 -1.55640835988 -0.0729027021998 8.85689810443 -1.52175719465 -0.0729027021998 8.98260770991 -1.47141279913 -0.0729027021998 9.10414983236 -1.40702475821 -0.0729027021998 9.21754202128 -1.30324385003 -0.0729027021998 9.19734528335 -1.19946294186 -0.0729027021998 9.17714854542 -1.09568203366 -0.0729027021998 9.15695180759 -1.01013484733 -0.0729027021998 9.28263327833 -0.901798213854 -0.0729027021998 9.392392065 -0.775405666425 -0.0729027021998 9.47722817476 -0.795602404352 -0.0729027021998 9.58100908293 -0.81579914228 -0.0729027021998 9.68478999111 -0.835995879694 -0.0729027021998 9.78857089962 -0.722603691286 -0.0729027021998 9.8529589402 -0.601061568841 -0.0729027021998 9.90330333572 -0.47535196276 -0.0729027021998 9.93795450108 -0.416249029178 -0.0729027021998 9.85028906679 -0.357146095596 -0.0729027021998 9.76262363252 -0.29804316193 -0.0729027021998 9.6749581983 -0.148681946141 -0.0729027021998 9.70333742296 0.00553480439728 -0.0729027021998 9.70434303713 0.154896020271 -0.0729027021998 9.67495819825 0.213998953852 -0.0729027021998 9.76262363252 0.273101887434 -0.0729027021998 9.85028906679 0.332204821618 -0.0729027021998 9.93795450095 0.457914427097 -0.0729027021998 9.90330333572 0.579456549543 -0.0729027021998 9.8529589402 0.692848738464 -0.0729027021998 9.78857089928 0.672652000537 -0.0729027021998 9.68478999111 0.652455262609 -0.0729027021998 9.58100908293 0.632258524773 -0.0729027021998 9.47722817473 0.75793999551 -0.0729027021998 9.3916809884 0.867698782188 -0.0729027021998 9.28334435493 0.952534891941 -0.0729027021998 9.1569518075 1.05631580012 -0.0729027021998 9.17714854542 1.16009670829 -0.0729027021998 9.19734528335 1.2638776168 -0.0729027021998 9.21754202077 1.32826565739 -0.0729027021998 9.10414983236 1.3786100529 -0.0729027021998 8.98260770991 1.41326121826 -0.0729027021998 8.85689810383 1.32559578398 -0.0729027021998 8.79779517025 1.23793034971 -0.0729027021998 8.73869223667 1.15026491548 -0.0729027021998 8.679589303 1.16445452781 -0.0729027021998 8.60490869511 1.17180073752 -0.0729027021998 8.52901420353 1.17180073752 -0.0729027021998 8.45311971194
-> CNT_GROUND_1 outwardCirclePointer
3 88 0 0 3 93 0.0 0.0 0.0 1.0 2.0 3.0 4.0 5.0 6.0 7.0 8.0 9.0 10.0 11.0 12.0 13.0 14.0 15.0 16.0 17.0 18.0 19.0 20.0 21.0 22.0 23.0 24.0 25.0 26.0 27.0 28.0 29.0 30.0 31.0 32.0 33.0 34.0 35.0 36.0 37.0 38.0 39.0 40.0 41.0 42.0 43.0 44.0 45.0 46.0 47.0 48.0 49.0 50.0 51.0 52.0 53.0 54.0 55.0 56.0 57.0 58.0 59.0 60.0 61.0 62.0 63.0 64.0 65.0 66.0 67.0 68.0 69.0 70.0 71.0 72.0 73.0 74.0 75.0 76.0 77.0 78.0 79.0 80.0 81.0 82.0 83.0 84.0 85.0 86.0 87.0 88.0 88.0 88.0 91 1.06581410364e-12 111.82517238 0.401677309832 -34.5469422936 75.4323621766 0.401677309832 -34.5469422936 75.4323621766 0.401677309832 -34.5469422936 75.4323621766 0.401677309832 -17.273443431 75.4323621766 0.401677309832 -17.273443431 75.4323621766 0.401677309832 -17.273443431 75.4323621766 0.401677309832 -17.273443431 61.9315845091 0.401677309832 -17.273443431 61.9315845091 0.401677309832 -17.273443431 61.9315845091 0.401677309832 -33.4109297729 58.115460474 0.401677309832 -58.4275950746 33.3814402315 0.401677309832 -62.2437191096 17.273443431 0.401677309832 -62.1805826668 17.5363548874 0.401677309832 -62.1805826668 17.5363548874 0.401677309832 -75.4323621766 17.273443431 0.401677309832 -75.4323621766 17.273443431 0.401677309832 -75.4323621766 17.4103591589 0.401677309832 -75.4323621766 34.5469422936 0.401677309832 -75.4323621766 34.5469422936 0.401677309832 -75.4323621766 34.5469422936 0.401677309832 -111.82517238 -1.70530256582e-12 0.401677309832 -111.82517238 -1.70530256582e-12 0.401677309832 -111.82517238 -1.70530256582e-12 0.401677309832 -75.4323621766 -34.5469422936 0.401677309832 -75.4323621766 -34.5469422936 0.401677309832 -75.4323621766 -34.5469422936 0.401677309832 -75.4323621766 -17.2734434311 0.401677309832 -75.4323621766 -17.2734434311 0.401677309832 -75.4323621766 -17.2734434311 0.401677309832 -61.8197238052 -17.2734434311 0.401677309832 -61.8197238052 -17.2734434311 0.401677309832 -61.8197238052 -17.2734434311 0.401677309832 -58.3390155875 -33.6820450866 0.401677309832 -33.6820450866 -58.3390155875 0.401677309832 -17.273443431 -62.162512008 0.401677309832 -16.9875279152 -62.0592431816 0.401677309832 -17.273443431 -61.8798669487 0.401677309832 -17.273443431 -75.4323621766 0.401677309832 -17.273443431 -75.4323621766 0.401677309832 -17.273443431 -75.4323621766 0.401677309832 -34.5469422936 -75.4323621766 0.401677309832 -34.5469422936 -75.4323621766 0.401677309832 -34.5469422936 -75.4323621766 0.401677309832 1.06581410364e-12 -111.82517238 0.401677309832 1.06581410364e-12 -111.82517238 0.401677309832 1.06581410364e-12 -111.82517238 0.401677309832 34.5469422936 -75.4323621766 0.401677309832 34.5469422936 -75.4323621766 0.401677309832 34.5469422936 -75.4323621766 0.401677309832 17.2734434311 -75.4323621766 0.401677309832 17.2734434311 -75.4323621766 0.401677309832 17.2734434311 -75.4323621766 0.401677309832 17.2734434311 -61.7385167034 0.401677309832 17.2734434311 -61.7385167034 0.401677309832 17.2734434311 -61.7385167034 0.401677309832 33.6820450866 -58.3390155875 0.401677309832 58.3390155875 -33.6820450866 0.401677309832 61.9641782128 -17.3312030215 0.401677309832 61.9640119183 -17.3320344935 0.401677309832 61.9640119183 -17.3320344935 0.401677309832 75.4323621766 -17.2734434311 0.401677309832 75.4323621766 -17.2734434311 0.401677309832 75.4323621766 -17.2734434311 0.401677309832 75.4323621766 -34.5469422936 0.401677309832 75.4323621766 -34.5469422936 0.401677309832 75.4323621766 -34.5469422936 0.401677309832 111.82517238 -1.70530256582e-12 0.401677309832 111.82517238 -1.70530256582e-12 0.401677309832 111.82517238 -1.70530256582e-12 0.401677309832 75.4323621766 34.5469422936 0.401677309832 75.4323621766 34.5469422936 0.401677309832 75.4323621766 34.5469422936 0.401677309832 75.4323621766 17.273443431 0.401677309832 75.4323621766 17.273443431 0.401677309832 75.4323621766 17.273443431 0.401677309832 62.0012618653 17.1981674965 0.401677309832 62.0012618653 17.1981674965 0.401677309832 62.0012618653 17.1981674965 0.401677309832 58.3390155875 33.6820450866 0.401677309832 33.6820450866 58.3390155875 0.401677309832 17.6178391464 61.8833591312 0.401677309832 17.6178391464 61.8833591312 0.401677309832 17.6178391464 61.8833591312 0.401677309832 17.586686661 75.4323621766 0.401677309832 17.5871301127 75.2434517311 0.401677309832 17.5871301127 75.2434517311 0.401677309832 34.2812592638 75.4323621766 0.401677309832 34.2812592638 75.4323621766 0.401677309832 34.2812592638 75.4323621766 0.401677309832 0.0469731255088 111.775672078 0.401677309832
-> CNT_HIPS_C circle
3 8 0 0 3 13 -2.0 -1.0 0.0 1.0 2.0 3.0 4.0 5.0 6.0 7.0 8.0 9.0 10.0 11 -1.65237432737e-15 26.986211891 -26.986211891 -2.33681018388e-15 0.0 -38.1642668534 -1.65237432737e-15 -26.986211891 -26.986211891 -7.28355710291e-31 -38.1642668534 0.0 1.65237432737e-15 -26.986211891 26.986211891 2.33681018388e-15 0.0 38.1642668534 1.65237432737e-15 26.986211891 26.986211891 1.25510058261e-30 38.1642668534 4.04898178008e-14 -1.65237432737e-15 26.986211891 -26.986211891 -2.33681018388e-15 0.0 -38.1642668534 -1.65237432737e-15 -26.986211891 -26.986211891
-> CNT_LEG_BTM_1_L circle
3 8 0 0 3 13 -2.0 -1.0 0.0 1.0 2.0 3.0 4.0 5.0 6.0 7.0 8.0 9.0 10.0 11 0.591965396066 3.62462292633e-17 -0.591965396066 0.0 5.1259909009e-17 -0.837165491572 -0.591965396066 3.62462292633e-17 -0.591965396066 -0.837165491572 1.59770989074e-32 0.0 -0.591965396066 -3.62462292633e-17 0.591965396066 0.0 -5.1259909009e-17 0.837165491572 0.591965396066 -3.62462292633e-17 0.591965396066 0.837165491572 -2.7531693462e-32 8.881784197e-16 0.591965396066 3.62462292633e-17 -0.591965396066 0.0 5.1259909009e-17 -0.837165491572 -0.591965396066 3.62462292633e-17 -0.591965396066
-> CNT_ROOTMOVE_1_1 square_point
1 5 0 0 3 6 0.0 1.0 2.0 3.0 4.0 5.0 6 -14.303362614 -14.303362614 0.0 -14.303362614 14.303362614 0.0 14.303362614 14.303362614 0.0 14.303362614 -14.303362614 0.0 0.0 -21.4550439211 0.0 -14.303362614 -14.303362614 0.0
-> CNT_SPINE_1_C circle
3 8 0 0 3 13 -2.0 -1.0 0.0 1.0 2.0 3.0 4.0 5.0 6.0 7.0 8.0 9.0 10.0 11 -1.24045782579e-15 16.0094936651 -20.2588827327 -1.75427228078e-15 5.54022382066e-15 -28.6503867192 -1.24045782579e-15 -14.9006091597 -20.2588827327 0.0 -20.2885433096 -6.93889390391e-18 1.24045782579e-15 -14.9006091597 20.2588827327 1.75427228078e-15 5.54022382066e-15 28.6503867192 1.24045782579e-15 14.9006091597 20.2588827327 9.42219516523e-31 20.2885433096 3.0396206552e-14 -1.24045782579e-15 14.9006091597 -20.2588827327 -1.75427228078e-15 5.54022382066e-15 -28.6503867192 -1.24045782579e-15 -16.0094936651 -20.2588827327
-> CNT_SPINE_2_C circle
3 8 0 0 3 13 -2.0 -1.0 0.0 1.0 2.0 3.0 4.0 5.0 6.0 7.0 8.0 9.0 10.0 11 4.55145107817e-14 15.0481625943 -15.0481625943 4.51328528412e-14 -5.48131842353e-17 -21.2813156297 4.55145107817e-14 -15.0481625943 -15.0481625943 4.64359145581e-14 -21.2813156297 3.22213884449e-31 4.73573183344e-14 -15.0481625943 15.0481625943 4.7738976275e-14 -5.48131842353e-17 21.2813156297 4.73573183344e-14 15.0481625943 15.0481625943 4.64359145581e-14 21.2813156297 2.25780989248e-14 4.55145107817e-14 15.0481625943 -15.0481625943 4.51328528412e-14 -5.48131842353e-17 -21.2813156297 4.55145107817e-14 -15.0481625943 -15.0481625943
-> CNT_SPINE_3_C circle
3 8 0 0 3 13 -2.0 -1.0 0.0 1.0 2.0 3.0 4.0 5.0 6.0 7.0 8.0 9.0 10.0 11 -9.50740862716e-16 15.5272893979 -15.5272893979 -1.34455062235e-15 0.0 -21.9589032534 -9.50740862716e-16 -15.5272893979 -15.5272893979 -4.19080304563e-31 -21.9589032534 8.31182578023e-32 9.50740862716e-16 -15.5272893979 15.5272893979 1.34455062235e-15 0.0 21.9589032534 9.50740862716e-16 15.5272893979 15.5272893979 7.22158043087e-31 21.9589032534 2.32969755518e-14 -9.50740862716e-16 15.5272893979 -15.5272893979 -1.34455062235e-15 0.0 -21.9589032534 -9.50740862716e-16 -15.5272893979 -15.5272893979
-> CNT_SUB_COG_1_C square_point
1 5 0 0 3 6 0.0 1.0 2.0 3.0 4.0 5.0 6 1.42108547152e-14 -24.2351110431 -23.2110922666 2.13162820728e-15 22.1870734901 -23.2110922666 2.13162820728e-15 22.1870734901 23.2110922666 1.42108547152e-14 -24.2351110431 23.2110922666 1.42108547152e-14 -35.8406571764 -7.92517744269e-17 1.42108547152e-14 -24.2351110431 -23.2110922666
-> CNT_SUB_COG_C outwardCirclePointer
3 88 0 0 3 93 0.0 0.0 0.0 1.0 2.0 3.0 4.0 5.0 6.0 7.0 8.0 9.0 10.0 11.0 12.0 13.0 14.0 15.0 16.0 17.0 18.0 19.0 20.0 21.0 22.0 23.0 24.0 25.0 26.0 27.0 28.0 29.0 30.0 31.0 32.0 33.0 34.0 35.0 36.0 37.0 38.0 39.0 40.0 41.0 42.0 43.0 44.0 45.0 46.0 47.0 48.0 49.0 50.0 51.0 52.0 53.0 54.0 55.0 56.0 57.0 58.0 59.0 60.0 61.0 62.0 63.0 64.0 65.0 66.0 67.0 68.0 69.0 70.0 71.0 72.0 73.0 74.0 75.0 76.0 77.0 78.0 79.0 80.0 81.0 82.0 83.0 84.0 85.0 86.0 87.0 88.0 88.0 88.0 91 -0.256940105858 6.8176713474e-13 -71.5309800319 -0.256940105858 -22.0985721442 -48.2516653253 -0.256940105858 -22.0985721442 -48.2516653253 -0.256940105858 -22.0985721442 -48.2516653253 -0.256940105858 -11.0492683432 -48.2516653253 -0.256940105858 -11.0492683432 -48.2516653253 -0.256940105858 -11.0492683432 -48.2516653253 -0.256940105858 -11.0492683432 -39.6156503995 -0.256940105858 -11.0492683432 -39.6156503995 -0.256940105858 -11.0492683432 -39.6156503995 -0.256940105858 -21.3719013311 -37.1745981181 -0.256940105858 -37.3742606218 -21.3530378163 -0.256940105858 -39.8153129031 -11.0492683432 -0.256940105858 -39.7749265434 -11.2174443784 -0.256940105858 -39.7749265434 -11.2174443784 -0.256940105858 -48.2516653253 -11.0492683432 -0.256940105858 -48.2516653253 -11.0492683432 -0.256940105858 -48.2516653253 -11.1368489477 -0.256940105858 -48.2516653253 -22.0985721442 -0.256940105858 -48.2516653253 -22.0985721442 -0.256940105858 -48.2516653253 -22.0985721442 -0.256940105858 -71.5309800319 1.09082741558e-12 -0.256940105858 -71.5309800319 1.09082741558e-12 -0.256940105858 -71.5309800319 1.09082741558e-12 -0.256940105858 -48.2516653253 22.0985721442 -0.256940105858 -48.2516653253 22.0985721442 -0.256940105858 -48.2516653253 22.0985721442 -0.256940105858 -48.2516653253 11.0492683432 -0.256940105858 -48.2516653253 11.0492683432 -0.256940105858 -48.2516653253 11.0492683432 -0.256940105858 -39.5440966911 11.0492683432 -0.256940105858 -39.5440966911 11.0492683432 -0.256940105858 -39.5440966911 11.0492683432 -0.256940105858 -37.3175991618 21.5453251111 -0.256940105858 -21.5453251111 37.3175991618 -0.256940105858 -11.0492683432 39.7633673219 -0.256940105858 -10.8663773481 39.6973095623 -0.256940105858 -11.0492683432 39.5825683331 -0.256940105858 -11.0492683432 48.2516653253 -0.256940105858 -11.0492683432 48.2516653253 -0.256940105858 -11.0492683432 48.2516653253 -0.256940105858 -22.0985721442 48.2516653253 -0.256940105858 -22.0985721442 48.2516653253 -0.256940105858 -22.0985721442 48.2516653253 -0.256940105858 6.8176713474e-13 71.5309800319 -0.256940105858 6.8176713474e-13 71.5309800319 -0.256940105858 6.8176713474e-13 71.5309800319 -0.256940105858 22.0985721442 48.2516653253 -0.256940105858 22.0985721442 48.2516653253 -0.256940105858 22.0985721442 48.2516653253 -0.256940105858 11.0492683432 48.2516653253 -0.256940105858 11.0492683432 48.2516653253 -0.256940105858 11.0492683432 48.2516653253 -0.256940105858 11.0492683432 39.4921511099 -0.256940105858 11.0492683432 39.4921511099 -0.256940105858 11.0492683432 39.4921511099 -0.256940105858 21.5453251111 37.3175991618 -0.256940105858 37.3175991618 21.5453251111 -0.256940105858 39.6364995475 11.0862153027 -0.256940105858 39.6363931743 11.0867471687 -0.256940105858 39.6363931743 11.0867471687 -0.256940105858 48.2516653253 11.0492683432 -0.256940105858 48.2516653253 11.0492683432 -0.256940105858 48.2516653253 11.0492683432 -0.256940105858 48.2516653253 22.0985721442 -0.256940105858 48.2516653253 22.0985721442 -0.256940105858 48.2516653253 22.0985721442 -0.256940105858 71.5309800319 1.09082741558e-12 -0.256940105858 71.5309800319 1.09082741558e-12 -0.256940105858 71.5309800319 1.09082741558e-12 -0.256940105858 48.2516653253 -22.0985721442 -0.256940105858 48.2516653253 -22.0985721442 -0.256940105858 48.2516653253 -22.0985721442 -0.256940105858 48.2516653253 -11.0492683432 -0.256940105858 48.2516653253 -11.0492683432 -0.256940105858 48.2516653253 -11.0492683432 -0.256940105858 39.6602207719 -11.0011167396 -0.256940105858 39.6602207719 -11.0011167396 -0.256940105858 39.6602207719 -11.0011167396 -0.256940105858 37.3175991618 -21.5453251111 -0.256940105858 21.5453251111 -37.3175991618 -0.256940105858 11.2695672483 -39.5848021704 -0.256940105858 11.2695672483 -39.5848021704 -0.256940105858 11.2695672483 -39.5848021704 -0.256940105858 11.2496400015 -48.2516653253 -0.256940105858 11.2499236633 -48.1308253658 -0.256940105858 11.2499236633 -48.1308253658 -0.256940105858 21.9286232222 -48.2516653253 -0.256940105858 21.9286232222 -48.2516653253 -0.256940105858 21.9286232222 -48.2516653253 -0.256940105858 0.0300472034274 -71.4993162749
-> CNT_SUB_GROUND_1 outwardCirclePointer
3 88 0 0 3 93 0.0 0.0 0.0 1.0 2.0 3.0 4.0 5.0 6.0 7.0 8.0 9.0 10.0 11.0 12.0 13.0 14.0 15.0 16.0 17.0 18.0 19.0 20.0 21.0 22.0 23.0 24.0 25.0 26.0 27.0 28.0 29.0 30.0 31.0 32.0 33.0 34.0 35.0 36.0 37.0 38.0 39.0 40.0 41.0 42.0 43.0 44.0 45.0 46.0 47.0 48.0 49.0 50.0 51.0 52.0 53.0 54.0 55.0 56.0 57.0 58.0 59.0 60.0 61.0 62.0 63.0 64.0 65.0 66.0 67.0 68.0 69.0 70.0 71.0 72.0 73.0 74.0 75.0 76.0 77.0 78.0 79.0 80.0 81.0 82.0 83.0 84.0 85.0 86.0 87.0 88.0 88.0 88.0 91 9.05941988094e-13 95.0513965228 0.401677309832 -29.3649009496 64.1175078501 0.401677309832 -29.3649009496 64.1175078501 0.401677309832 -29.3649009496 64.1175078501 0.401677309832 -14.6824269163 64.1175078501 0.401677309832 -14.6824269163 64.1175078501 0.401677309832 -14.6824269163 64.1175078501 0.401677309832 -14.6824269163 52.6418468328 0.401677309832 -14.6824269163 52.6418468328 0.401677309832 -14.6824269163 52.6418468328 0.401677309832 -28.3992903069 49.3981414029 0.401677309832 -49.6634558134 28.3742241968 0.401677309832 -52.9071612432 14.6824269163 0.401677309832 -52.8534952667 14.9059016543 0.401677309832 -52.8534952667 14.9059016543 0.401677309832 -64.1175078501 14.6824269163 0.401677309832 -64.1175078501 14.6824269163 0.401677309832 -64.1175078501 14.798805285 0.401677309832 -64.1175078501 29.3649009496 0.401677309832 -64.1175078501 29.3649009496 0.401677309832 -64.1175078501 29.3649009496 0.401677309832 -95.0513965228 -1.44950718095e-12 0.401677309832 -95.0513965228 -1.44950718095e-12 0.401677309832 -95.0513965228 -1.44950718095e-12 0.401677309832 -64.1175078501 -29.3649009496 0.401677309832 -64.1175078501 -29.3649009496 0.401677309832 -64.1175078501 -29.3649009496 0.401677309832 -64.1175078501 -14.6824269165 0.401677309832 -64.1175078501 -14.6824269165 0.401677309832 -64.1175078501 -14.6824269165 0.401677309832 -52.5467652344 -14.6824269165 0.401677309832 -52.5467652344 -14.6824269165 0.401677309832 -52.5467652344 -14.6824269165 0.401677309832 -49.5881632494 -28.6297383236 0.401677309832 -28.6297383236 -49.5881632494 0.401677309832 -14.6824269163 -52.8381352068 0.401677309832 -14.439398728 -52.7503567044 0.401677309832 -14.6824269163 -52.5978869064 0.401677309832 -14.6824269163 -64.1175078501 0.401677309832 -14.6824269163 -64.1175078501 0.401677309832 -14.6824269163 -64.1175078501 0.401677309832 -29.3649009496 -64.1175078501 0.401677309832 -29.3649009496 -64.1175078501 0.401677309832 -29.3649009496 -64.1175078501 0.401677309832 9.05941988094e-13 -95.0513965228 0.401677309832 9.05941988094e-13 -95.0513965228 0.401677309832 9.05941988094e-13 -95.0513965228 0.401677309832 29.3649009496 -64.1175078501 0.401677309832 29.3649009496 -64.1175078501 0.401677309832 29.3649009496 -64.1175078501 0.401677309832 14.6824269165 -64.1175078501 0.401677309832 14.6824269165 -64.1175078501 0.401677309832 14.6824269165 -64.1175078501 0.401677309832 14.6824269165 -52.4777391979 0.401677309832 14.6824269165 -52.4777391979 0.401677309832 14.6824269165 -52.4777391979 0.401677309832 28.6297383236 -49.5881632494 0.401677309832 49.5881632494 -28.6297383236 0.401677309832 52.6695514808 -14.7315225683 0.401677309832 52.6694101306 -14.7322293195 0.401677309832 52.6694101306 -14.7322293195 0.401677309832 64.1175078501 -14.6824269165 0.401677309832 64.1175078501 -14.6824269165 0.401677309832 64.1175078501 -14.6824269165 0.401677309832 64.1175078501 -29.3649009496 0.401677309832 64.1175078501 -29.3649009496 0.401677309832 64.1175078501 -29.3649009496 0.401677309832 95.0513965228 -1.44950718095e-12 0.401677309832 95.0513965228 -1.44950718095e-12 0.401677309832 95.0513965228 -1.44950718095e-12 0.401677309832 64.1175078501 29.3649009496 0.401677309832 64.1175078501 29.3649009496 0.401677309832 64.1175078501 29.3649009496 0.401677309832 64.1175078501 14.6824269163 0.401677309832 64.1175078501 14.6824269163 0.401677309832 64.1175078501 14.6824269163 0.401677309832 52.7010725855 14.618442372 0.401677309832 52.7010725855 14.618442372 0.401677309832 52.7010725855 14.618442372 0.401677309832 49.5881632494 28.6297383236 0.401677309832 28.6297383236 49.5881632494 0.401677309832 14.9751632744 52.6008552616 0.401677309832 14.9751632744 52.6008552616 0.401677309832 14.9751632744 52.6008552616 0.401677309832 14.9486836619 64.1175078501 0.401677309832 14.9490605958 63.9569339715 0.401677309832 14.9490605958 63.9569339715 0.401677309832 29.1390703743 64.1175078501 0.401677309832 29.1390703743 64.1175078501 0.401677309832 29.1390703743 64.1175078501 0.401677309832 0.0399271566824 95.0093212665 0.401677309832
-> CNT_SUB_GROUND_2 outwardCirclePointer
3 88 0 0 3 93 0.0 0.0 0.0 1.0 2.0 3.0 4.0 5.0 6.0 7.0 8.0 9.0 10.0 11.0 12.0 13.0 14.0 15.0 16.0 17.0 18.0 19.0 20.0 21.0 22.0 23.0 24.0 25.0 26.0 27.0 28.0 29.0 30.0 31.0 32.0 33.0 34.0 35.0 36.0 37.0 38.0 39.0 40.0 41.0 42.0 43.0 44.0 45.0 46.0 47.0 48.0 49.0 50.0 51.0 52.0 53.0 54.0 55.0 56.0 57.0 58.0 59.0 60.0 61.0 62.0 63.0 64.0 65.0 66.0 67.0 68.0 69.0 70.0 71.0 72.0 73.0 74.0 75.0 76.0 77.0 78.0 79.0 80.0 81.0 82.0 83.0 84.0 85.0 86.0 87.0 88.0 88.0 88.0 91 7.9936057773e-13 83.8688792848 0.401677309832 -25.9102067202 56.5742716324 0.401677309832 -25.9102067202 56.5742716324 0.401677309832 -25.9102067202 56.5742716324 0.401677309832 -12.9550825732 56.5742716324 0.401677309832 -12.9550825732 56.5742716324 0.401677309832 -12.9550825732 56.5742716324 0.401677309832 -12.9550825732 46.4486883818 0.401677309832 -12.9550825732 46.4486883818 0.401677309832 -12.9550825732 46.4486883818 0.401677309832 -25.0581973297 43.5865953555 0.401677309832 -43.820696306 25.0360801736 0.401677309832 -46.6827893322 12.9550825732 0.401677309832 -46.6354370001 13.1522661655 0.401677309832 -46.6354370001 13.1522661655 0.401677309832 -56.5742716324 12.9550825732 0.401677309832 -56.5742716324 12.9550825732 0.401677309832 -56.5742716324 13.0577693692 0.401677309832 -56.5742716324 25.9102067202 0.401677309832 -56.5742716324 25.9102067202 0.401677309832 -56.5742716324 25.9102067202 0.401677309832 -83.8688792848 -1.27897692437e-12 0.401677309832 -83.8688792848 -1.27897692437e-12 0.401677309832 -83.8688792848 -1.27897692437e-12 0.401677309832 -56.5742716324 -25.9102067202 0.401677309832 -56.5742716324 -25.9102067202 0.401677309832 -56.5742716324 -25.9102067202 0.401677309832 -56.5742716324 -12.9550825733 0.401677309832 -56.5742716324 -12.9550825733 0.401677309832 -56.5742716324 -12.9550825733 0.401677309832 -46.3647928539 -12.9550825733 0.401677309832 -46.3647928539 -12.9550825733 0.401677309832 -46.3647928539 -12.9550825733 0.401677309832 -43.7542616906 -25.2615338149 0.401677309832 -25.2615338149 -43.7542616906 0.401677309832 -12.9550825732 -46.621884006 0.401677309832 -12.7406459364 -46.5444323862 0.401677309832 -12.9550825732 -46.4099002115 0.401677309832 -12.9550825732 -56.5742716324 0.401677309832 -12.9550825732 -56.5742716324 0.401677309832 -12.9550825732 -56.5742716324 0.401677309832 -25.9102067202 -56.5742716324 0.401677309832 -25.9102067202 -56.5742716324 0.401677309832 -25.9102067202 -56.5742716324 0.401677309832 7.9936057773e-13 -83.8688792848 0.401677309832 7.9936057773e-13 -83.8688792848 0.401677309832 7.9936057773e-13 -83.8688792848 0.401677309832 25.9102067202 -56.5742716324 0.401677309832 25.9102067202 -56.5742716324 0.401677309832 25.9102067202 -56.5742716324 0.401677309832 12.9550825733 -56.5742716324 0.401677309832 12.9550825733 -56.5742716324 0.401677309832 12.9550825733 -56.5742716324 0.401677309832 12.9550825733 -46.3038875275 0.401677309832 12.9550825733 -46.3038875275 0.401677309832 12.9550825733 -46.3038875275 0.401677309832 25.2615338149 -43.7542616906 0.401677309832 43.7542616906 -25.2615338149 0.401677309832 46.4731336596 -12.9984022661 0.401677309832 46.4730089387 -12.9990258701 0.401677309832 46.4730089387 -12.9990258701 0.401677309832 56.5742716324 -12.9550825733 0.401677309832 56.5742716324 -12.9550825733 0.401677309832 56.5742716324 -12.9550825733 0.401677309832 56.5742716324 -25.9102067202 0.401677309832 56.5742716324 -25.9102067202 0.401677309832 56.5742716324 -25.9102067202 0.401677309832 83.8688792848 -1.27897692437e-12 0.401677309832 83.8688792848 -1.27897692437e-12 0.401677309832 83.8688792848 -1.27897692437e-12 0.401677309832 56.5742716324 25.9102067202 0.401677309832 56.5742716324 25.9102067202 0.401677309832 56.5742716324 25.9102067202 0.401677309832 56.5742716324 12.9550825732 0.401677309832 56.5742716324 12.9550825732 0.401677309832 56.5742716324 12.9550825732 0.401677309832 46.500946399 12.8986256224 0.401677309832 46.500946399 12.8986256224 0.401677309832 46.500946399 12.8986256224 0.401677309832 43.7542616906 25.2615338149 0.401677309832 25.2615338149 43.7542616906 0.401677309832 13.2133793598 46.4125193484 0.401677309832 13.2133793598 46.4125193484 0.401677309832 13.2133793598 46.4125193484 0.401677309832 13.1900149958 56.5742716324 0.401677309832 13.1903475845 56.4325887983 0.401677309832 13.1903475845 56.4325887983 0.401677309832 25.7109444479 56.5742716324 0.401677309832 25.7109444479 56.5742716324 0.401677309832 25.7109444479 56.5742716324 0.401677309832 0.0352298441316 83.8317540587 0.401677309832
-> CNT_SUB_HIPS_1_C circle
3 8 0 0 3 13 -2.0 -1.0 0.0 1.0 2.0 3.0 4.0 5.0 6.0 7.0 8.0 9.0 10.0 11 0.0 24.866160587 -24.866160587 0.0 -2.6645352591e-16 -35.1660615463 0.0 -24.866160587 -24.866160587 0.0 -35.1660615463 -7.92517744269e-17 0.0 -24.866160587 24.866160587 0.0 -2.6645352591e-16 35.1660615463 0.0 24.866160587 24.866160587 1.20792265079e-14 35.1660615463 3.72296641875e-14 0.0 24.866160587 -24.866160587 0.0 -2.6645352591e-16 -35.1660615463 0.0 -24.866160587 -24.866160587
-> CNT_SUB_ROOTMOVE_1_1 square_point
1 5 0 0 3 6 0.0 1.0 2.0 3.0 4.0 5.0 6 -12.1578582219 -12.69423432 0.0 -12.1578582219 11.6214821239 0.0 12.1578582219 11.6214821239 0.0 12.1578582219 -12.69423432 0.0 2.38198837555e-16 -18.7731634309 0.0 -12.1578582219 -12.69423432 0.0
-> CNT_SUB_ROOTMOVE_1_2 square_point
1 5 0 0 3 6 0.0 1.0 2.0 3.0 4.0 5.0 6 -10.7275219605 -11.6214821239 0.0 -10.7275219605 9.83356179716 0.0 10.7275219605 9.83356179716 0.0 10.7275219605 -11.6214821239 0.0 3.96998062592e-16 -16.9852431042 0.0 -10.7275219605 -11.6214821239 0.0
-> CNT_SUB_SPINE_1_C circle
1 4 0 0 3 5 0.0 1.0 2.0 3.0 4.0 5 1.21047289712e-14 -20.5413102159 4.29172730027 -2.35143460393 -20.5413102159 4.32457452845e-13 1.21047289712e-14 -20.5413102159 -4.29172730027 2.35143460393 -20.5413102159 4.32457452845e-13 1.21047289712e-14 -20.5413102159 4.29172730027
-> CNT_SUB_SPINE_2_C circle
1 4 0 0 3 5 0.0 1.0 2.0 3.0 4.0 5 5.12928476263e-31 -20.5413102159 4.29172730027 -2.35143460393 -20.5413102159 4.3245057471e-13 5.12928476263e-31 -20.5413102159 -4.29172730027 2.35143460393 -20.5413102159 4.3245057471e-13 5.12928476263e-31 -20.5413102159 4.29172730027
-> CNT_SUB_SPINE_3_C circle
1 4 0 0 3 5 0.0 1.0 2.0 3.0 4.0 5 1.0006340068e-14 -20.5413102159 4.29172730027 -2.35143460393 -20.5413102159 4.3257372777e-13 1.0006340068e-14 -20.5413102159 -4.29172730027 2.35143460393 -20.5413102159 4.3257372777e-13 1.0006340068e-14 -20.5413102159 4.29172730027
-> GEAR_1 gear
3 97 0 0 3 102 0.0 0.0 0.0 0.0279841174983 0.0279841174983 0.0279841174983 0.0468856389811 0.0468856389811 0.0468856389811 0.0781143570669 0.0781143570669 0.0781143570669 0.0970158786806 0.0970158786806 0.0970158786806 0.152984114137 0.152984114137 0.152984114137 0.171885635775 0.171885635775 0.171885635775 0.203114354117 0.203114354117 0.203114354117 0.222015875886 0.222015875886 0.222015875886 0.277984111801 0.277984111801 0.277984111801 0.296885633594 0.296885633594 0.296885633594 0.328114352193 0.328114352193 0.328114352193 0.347015874117 0.347015874117 0.347015874117 0.402984110492 0.402984110492 0.402984110492 0.42188563244 0.42188563244 0.42188563244 0.453114351295 0.453114351295 0.453114351295 0.472015873374 0.472015873374 0.472015873374 0.527984110208 0.527984110208 0.527984110208 0.546885632312 0.546885632312 0.546885632312 0.578114351423 0.578114351423 0.578114351423 0.597015873657 0.597015873657 0.597015873657 0.652984110951 0.652984110951 0.652984110951 0.67188563321 0.67188563321 0.67188563321 0.703114352577 0.703114352577 0.703114352577 0.722015874967 0.722015874967 0.722015874967 0.77798411272 0.77798411272 0.77798411272 0.796885635134 0.796885635134 0.796885635134 0.828114354758 0.828114354758 0.828114354758 0.847015877302 0.847015877302 0.847015877302 0.902984115515 0.902984115515 0.902984115515 0.921885638084 0.921885638084 0.921885638084 0.953114357964 0.953114357964 0.953114357964 0.972015880664 0.972015880664 0.972015880664 1.0 1.0 1.0 100 -1.22582779439e-16 194.199839278 -3.87911884772e-15 -1.45889786775e-16 194.199839278 0.380632315417 -1.69196794111e-16 194.236682595 0.761264630832 -1.22582779439e-16 194.307847509 1.13580897706 -1.22582779439e-16 193.868180591 1.4322268855 -1.22582779439e-16 193.428513673 1.72864479395 -2.46582107451e-16 192.988846755 2.02506270541 -2.8518721088e-16 193.162632137 2.65553188975 -3.22512490758e-16 193.415123503 3.26509996937 -1.22582779439e-16 193.738047718 3.83379383001 -1.22582779439e-16 194.258538291 3.73250148374 -1.22582779439e-16 194.779028863 3.63120913747 -3.38727844447e-16 195.299519436 3.52991679167 -3.77324307767e-16 195.728562742 4.16024487232 -4.1103095489e-16 196.271901564 4.71071619429 -1.22582779439e-16 196.905795895 5.13619325083 -1.22582779439e-16 196.804503549 5.65668382335 -1.22582779439e-16 196.703211203 6.17717439587 -2.46582107451e-16 196.601918859 6.69766497008 -2.8518721088e-16 197.170612717 7.02058918318 -3.22512490758e-16 197.780180797 7.27308054895 -1.22582779439e-16 198.410649984 7.44686593215 -1.22582779439e-16 198.707067892 7.0071990138 -1.22582779439e-16 199.003485801 6.56753209552 -3.38727844447e-16 199.29990371 6.12786517746 -3.77324307767e-16 200.048992401 6.27019500625 -4.1103095489e-16 200.822432971 6.27523844541 -1.22582779439e-16 201.571521663 6.12786517723 -1.22582779439e-16 201.867939572 6.56753209552 -1.22582779439e-16 202.16435748 7.0071990138 -2.46582107451e-16 202.460775392 7.44686593153 -2.8518721088e-16 203.091244576 7.27308054895 -3.22512490758e-16 203.700812656 7.02058918318 -1.22582779439e-16 204.269506516 6.6976649684 -1.22582779439e-16 204.16821417 6.17717439587 -1.22582779439e-16 204.066921824 5.65668382335 -3.38727844447e-16 203.965629478 5.13619325069 -3.77324307767e-16 204.595957559 4.70714994425 -4.1103095489e-16 205.146428881 4.16381112236 -1.22582779439e-16 205.571905937 3.52991679121 -1.22582779439e-16 206.09239651 3.63120913747 -1.22582779439e-16 206.612887082 3.73250148374 -2.46582107451e-16 207.133377656 3.83379382744 -2.8518721088e-16 207.45630187 3.26509996937 -3.22512490758e-16 207.708793235 2.65553188975 -1.22582779439e-16 207.882578619 2.02506270239 -1.22582779439e-16 207.4429117 1.72864479395 -1.22582779439e-16 207.003244782 1.4322268855 -3.38727844447e-16 206.563577864 1.13580897664 -3.77324307767e-16 206.705907693 0.386720285029 -4.1103095489e-16 206.710951132 -0.386720285029 -1.22582779439e-16 206.563577864 -1.13580897706 -1.22582779439e-16 207.003244782 -1.4322268855 -1.22582779439e-16 207.4429117 -1.72864479395 -2.46582107451e-16 207.882578618 -2.02506270541 -2.8518721088e-16 207.708793235 -2.65553188975 -3.22512490758e-16 207.45630187 -3.26509996937 -1.22582779439e-16 207.133377655 -3.83379383001 -1.22582779439e-16 206.612887082 -3.73250148374 -1.22582779439e-16 206.09239651 -3.63120913747 -3.38727844447e-16 205.571905937 -3.52991679167 -3.77324307767e-16 205.142862631 -4.16024487232 -4.1103095489e-16 204.599523809 -4.71071619429 -1.22582779439e-16 203.965629478 -5.13619325083 -1.22582779439e-16 204.066921824 -5.65668382335 -1.22582779439e-16 204.16821417 -6.17717439587 -2.46582107451e-16 204.269506514 -6.69766497008 -2.8518721088e-16 203.700812656 -7.02058918318 -3.22512490758e-16 203.091244576 -7.27308054895 -1.22582779439e-16 202.460775389 -7.44686593215 -1.22582779439e-16 202.16435748 -7.0071990138 -1.22582779439e-16 201.867939572 -6.56753209552 -3.38727844447e-16 201.571521663 -6.12786517746 -3.77324307767e-16 200.822432971 -6.27019500625 -4.1103095489e-16 200.048992401 -6.27523844541 -1.22582779439e-16 199.299903709 -6.12786517723 -1.22582779439e-16 199.003485801 -6.56753209552 -1.22582779439e-16 198.707067892 -7.0071990138 -2.46582107451e-16 198.410649981 -7.44686593153 -2.8518721088e-16 197.780180797 -7.27308054895 -3.22512490758e-16 197.170612717 -7.02058918318 -1.22582779439e-16 196.601918856 -6.6976649684 -1.22582779439e-16 196.703211203 -6.17717439587 -1.22582779439e-16 196.804503549 -5.65668382335 -3.38727844447e-16 196.905795895 -5.13619325069 -3.77324307767e-16 196.275467814 -4.70714994425 -4.1103095489e-16 195.724996492 -4.16381112236 -1.22582779439e-16 195.299519436 -3.52991679121 -1.22582779439e-16 194.779028863 -3.63120913747 -1.22582779439e-16 194.258538291 -3.73250148374 -2.46582107451e-16 193.738047716 -3.83379382744 -2.8518721088e-16 193.415123503 -3.26509996937 -3.22512490758e-16 193.162632137 -2.65553188975 -1.22582779439e-16 192.988846754 -2.02506270239 -1.22582779439e-16 193.428513673 -1.72864479395 -1.22582779439e-16 193.868180591 -1.4322268855 -3.38727844447e-16 194.307847509 -1.13580897664 -3.58026076107e-16 194.236682595 -0.761264630832 -3.76101853718e-16 194.199839278 -0.380632315417 -3.92582396654e-16 194.199839278 -5.88472870158e-15