-> CNT_CLAVICLE_1_L yaw
 3 48 0 0 3 53 0.0 0.0 0.0 1.0 2.0 3.0 4.0 5.0 6.0 7.0 8.0 9.0 10.0 11.0 12.0 13.0 14.0 15.0 16.0 17.0 18.0 19.0 20.0 21.0 22.0 23.0 24.0 25.0 26.0 27.0 28.0 29.0 30.0 31.0 32.0 33.0 34.0 35.0 36.0 37.0 38.0 39.0 40.0 41.0 42.0 43.0 44.0 45.0 46.0 47.0 48.0 48.0 48.0 51 12.0017162712 -4.21101610327 7.18694081832 15.0065324002 -6.42619705137 6.33169147336 15.0065324002 -6.42619705137 6.33169147336 15.0065324002 -6.42619705137 6.33169147336 15.0065324002 -6.42619705137 6.33169147336 13.7278428255 -6.61534365168 6.25003552107 13.7278428255 -6.61534365168 6.25003552107 13.7278428255 -6.61534365168 6.25003552107 13.7777425547 -6.95656802143 6.17345686544 13.877933387 -7.64113062522 5.68436016738 14.0024627949 -8.49028522819 4.41798388882 14.0833636541 -9.03990594828 2.26198760555 14.1080233398 -9.20429253929 -0.235611901902 14.0727864692 -8.95909444855 -2.69464640193 13.9829186841 -8.34096488355 -4.73131353911 13.8523977847 -7.46458569396 -5.85274488312 13.750804333 -6.79655043725 -6.23742370771 13.7009046039 -6.4654949545 -6.26962057733 13.7009046039 -6.4654949545 -6.26962057733 13.7009046039 -6.4654949545 -6.26962057733 14.9812121261 -6.25532233433 -6.32905342706 14.9812121261 -6.25532233433 -6.32905342706 14.9812121261 -6.25532233433 -6.32905342706 11.9747282138 -4.20855448017 -7.00228041409 11.9747282138 -4.20855448017 -7.00228041409 11.9747282138 -4.20855448017 -7.00228041409 9.72696044862 -7.02059521445 -6.3216572967 9.72696044862 -7.02059521445 -6.3216572967 9.72696044862 -7.02059521445 -6.3216572967 9.72696044862 -7.02059521445 -6.3216572967 11.0439800814 -6.85435696463 -6.25945079036 11.0439800814 -6.85435696463 -6.25945079036 11.0439800814 -6.85435696463 -6.25945079036 11.0439800814 -6.85435696463 -6.25945079036 11.0938798106 -7.18541367353 -6.22951476777 11.1954732622 -7.85335761546 -5.85004376865 11.3259941617 -8.72944382982 -4.73506756522 11.4158619467 -9.34757339481 -2.69840860167 11.4510988174 -9.59277148555 -0.239374101642 11.4264391317 -9.42838489455 2.25822540581 11.3455382725 -8.87876417445 4.41422168908 11.2210088645 -8.02960957148 5.68073599836 11.1208180322 -7.3450469677 6.16976789908 11.070918303 -7.00382259795 6.24632011639 11.070918303 -7.00382259795 6.24632011639 11.070918303 -7.00382259795 6.24632011639 9.75621936375 -7.19559955773 6.32409679806 9.75621936375 -7.19559955773 6.32409679806 9.75621936375 -7.19559955773 6.32409679806 9.75621936375 -7.19559955773 6.32409679806 12.0017162712 -4.21101610327 7.18694081832
-> CNT_CLAVICLE_1_R yaw
 3 48 0 0 3 53 0.0 0.0 0.0 1.0 2.0 3.0 4.0 5.0 6.0 7.0 8.0 9.0 10.0 11.0 12.0 13.0 14.0 15.0 16.0 17.0 18.0 19.0 20.0 21.0 22.0 23.0 24.0 25.0 26.0 27.0 28.0 29.0 30.0 31.0 32.0 33.0 34.0 35.0 36.0 37.0 38.0 39.0 40.0 41.0 42.0 43.0 44.0 45.0 46.0 47.0 48.0 48.0 48.0 51 13.952365339 4.07337384899 8.27355366637 17.03023747 6.19220072572 7.43410512389 17.03023747 6.19220072572 7.43410512389 17.03023747 6.19220072572 7.43410512389 17.03023747 6.19220072572 7.43410512389 15.7586825926 6.42598521423 7.35674773218 15.7586825926 6.42598521423 7.35674773218 15.7586825926 6.42598521423 7.35674773218 15.8201681342 6.76602496678 7.28339353089 15.9430704545 7.451488966 6.80078202369 16.0947259189 8.30820472942 5.54248209407 16.1910654415 8.87577826468 3.3917782937 16.2174049667 9.06363817735 0.895851765605 16.1698564492 8.84385715617 -1.56537757241 16.0555516364 8.24913043168 -3.60778006422 15.8931860729 7.38876585181 -4.73742366374 15.7680651191 6.72841225016 -5.12838146124 15.7067568907 6.39959869477 -5.16369860951 15.7067568907 6.39959869477 -5.16369860951 15.7067568907 6.39959869477 -5.16369860951 16.978981853 6.14612582504 -5.22763056613 16.978981853 6.14612582504 -5.22763056613 16.978981853 6.14612582504 -5.22763056613 13.902812378 4.2106100292 -5.91494323541 13.902812378 4.2106100292 -5.91494323541 13.902812378 4.2106100292 -5.91494323541 11.7541800336 7.09147369733 -5.20270421688 11.7541800336 7.09147369733 -5.20270421688 11.7541800336 7.09147369733 -5.20270421688 11.7541800336 7.09147369733 -5.20270421688 13.0647993637 6.87945538173 -5.14464628309 13.0647993637 6.87945538173 -5.14464628309 13.0647993637 6.87945538173 -5.14464628309 13.0647993637 6.87945538173 -5.14464628309 13.1261040499 7.20829227322 -5.11158985898 13.2512136061 7.86860555018 -4.72584051887 13.4135588581 8.72874047231 -3.60265459069 13.5278636579 9.32346727674 -1.56026027211 13.5754121754 9.5432482979 0.900969065903 13.5490726502 9.35538838525 3.396895594 13.4527331276 8.78781484999 5.54759939436 13.301077882 7.93109773664 6.80603734793 13.178175459 7.24563437113 7.28858406097 13.1166898755 6.90559487714 7.36191182524 13.1166898755 6.90559487714 7.36191182524 13.1166898755 6.90559487714 7.36191182524 11.8094902324 7.1416867864 7.44407397588 11.8094902324 7.1416867864 7.44407397588 11.8094902324 7.1416867864 7.44407397588 11.8094902324 7.1416867864 7.44407397588 13.952365339 4.07337384899 8.27355366637
-> CNT_COG_C outwardCirclePointer
 3 88 0 0 3 93 0.0 0.0 0.0 1.0 2.0 3.0 4.0 5.0 6.0 7.0 8.0 9.0 10.0 11.0 12.0 13.0 14.0 15.0 16.0 17.0 18.0 19.0 20.0 21.0 22.0 23.0 24.0 25.0 26.0 27.0 28.0 29.0 30.0 31.0 32.0 33.0 34.0 35.0 36.0 37.0 38.0 39.0 40.0 41.0 42.0 43.0 44.0 45.0 46.0 47.0 48.0 49.0 50.0 51.0 52.0 53.0 54.0 55.0 56.0 57.0 58.0 59.0 60.0 61.0 62.0 63.0 64.0 65.0 66.0 67.0 68.0 69.0 70.0 71.0 72.0 73.0 74.0 75.0 76.0 77.0 78.0 79.0 80.0 81.0 82.0 83.0 84.0 85.0 86.0 87.0 88.0 88.0 88.0 91 -0.274119882903 7.27352106118e-13 -76.3137533738 -0.274119882903 -23.5761481776 -51.4779146863 -0.274119882903 -23.5761481776 -51.4779146863 -0.274119882903 -23.5761481776 -51.4779146863 -0.274119882903 -11.7880551745 -51.4779146863 -0.274119882903 -11.7880551745 -51.4779146863 -0.274119882903 -11.7880551745 -51.4779146863 -0.274119882903 -11.7880551745 -42.2644702056 -0.274119882903 -11.7880551745 -42.2644702056 -0.274119882903 -11.7880551745 -42.2644702056 -0.274119882903 -22.8008900001 -39.6602019334 -0.274119882903 -39.8732144638 -22.7807652148 -0.274119882903 -42.4774827359 -11.7880551745 -0.274119882903 -42.4343960245 -11.967475958 -0.274119882903 -42.4343960245 -11.967475958 -0.274119882903 -51.4779146863 -11.7880551745 -0.274119882903 -51.4779146863 -11.7880551745 -0.274119882903 -51.4779146863 -11.8814916778 -0.274119882903 -51.4779146863 -23.5761481776 -0.274119882903 -51.4779146863 -23.5761481776 -0.274119882903 -51.4779146863 -23.5761481776 -0.274119882903 -76.3137533738 1.16376336979e-12 -0.274119882903 -76.3137533738 1.16376336979e-12 -0.274119882903 -76.3137533738 1.16376336979e-12 -0.274119882903 -51.4779146863 23.5761481776 -0.274119882903 -51.4779146863 23.5761481776 -0.274119882903 -51.4779146863 23.5761481776 -0.274119882903 -51.4779146863 11.7880551746 -0.274119882903 -51.4779146863 11.7880551746 -0.274119882903 -51.4779146863 11.7880551746 -0.274119882903 -42.1881322041 11.7880551746 -0.274119882903 -42.1881322041 11.7880551746 -0.274119882903 -42.1881322041 11.7880551746 -0.274119882903 -39.8127644507 22.9859094081 -0.274119882903 -22.9859094081 39.8127644507 -0.274119882903 -11.7880551745 42.4220639192 -0.274119882903 -11.5929355454 42.351589342 -0.274119882903 -11.7880551745 42.2291761741 -0.274119882903 -11.7880551745 51.4779146863 -0.274119882903 -11.7880551745 51.4779146863 -0.274119882903 -11.7880551745 51.4779146863 -0.274119882903 -23.5761481776 51.4779146863 -0.274119882903 -23.5761481776 51.4779146863 -0.274119882903 -23.5761481776 51.4779146863 -0.274119882903 7.27352106118e-13 76.3137533738 -0.274119882903 7.27352106118e-13 76.3137533738 -0.274119882903 7.27352106118e-13 76.3137533738 -0.274119882903 23.5761481776 51.4779146863 -0.274119882903 23.5761481776 51.4779146863 -0.274119882903 23.5761481776 51.4779146863 -0.274119882903 11.7880551746 51.4779146863 -0.274119882903 11.7880551746 51.4779146863 -0.274119882903 11.7880551746 51.4779146863 -0.274119882903 11.7880551746 42.1327133873 -0.274119882903 11.7880551746 42.1327133873 -0.274119882903 11.7880551746 42.1327133873 -0.274119882903 22.9859094081 39.8127644507 -0.274119882903 39.8127644507 22.9859094081 -0.274119882903 42.2867133893 11.8274725172 -0.274119882903 42.2865999037 11.8280399453 -0.274119882903 42.2865999037 11.8280399453 -0.274119882903 51.4779146863 11.7880551746 -0.274119882903 51.4779146863 11.7880551746 -0.274119882903 51.4779146863 11.7880551746 -0.274119882903 51.4779146863 23.5761481776 -0.274119882903 51.4779146863 23.5761481776 -0.274119882903 51.4779146863 23.5761481776 -0.274119882903 76.3137533738 1.16376336979e-12 -0.274119882903 76.3137533738 1.16376336979e-12 -0.274119882903 76.3137533738 1.16376336979e-12 -0.274119882903 51.4779146863 -23.5761481776 -0.274119882903 51.4779146863 -23.5761481776 -0.274119882903 51.4779146863 -23.5761481776 -0.274119882903 51.4779146863 -11.7880551745 -0.274119882903 51.4779146863 -11.7880551745 -0.274119882903 51.4779146863 -11.7880551745 -0.274119882903 42.3120206851 -11.736684012 -0.274119882903 42.3120206851 -11.736684012 -0.274119882903 42.3120206851 -11.736684012 -0.274119882903 39.8127644507 -22.9859094081 -0.274119882903 22.9859094081 -39.8127644507 -0.274119882903 12.0230839174 -42.2315593724 -0.274119882903 12.0230839174 -42.2315593724 -0.274119882903 12.0230839174 -42.2315593724 -0.274119882903 12.0018242758 -51.4779146863 -0.274119882903 12.0021269041 -51.3489950089 -0.274119882903 12.0021269041 -51.3489950089 -0.274119882903 23.394835967 -51.4779146863 -0.274119882903 23.394835967 -51.4779146863 -0.274119882903 23.394835967 -51.4779146863 -0.274119882903 0.0320562485081 -76.2799724841
-> CNT_GEAR_1 gear
 3 97 0 0 3 102 0.0 0.0 0.0 0.0279841174983 0.0279841174983 0.0279841174983 0.0468856389811 0.0468856389811 0.0468856389811 0.0781143570669 0.0781143570669 0.0781143570669 0.0970158786806 0.0970158786806 0.0970158786806 0.152984114137 0.152984114137 0.152984114137 0.171885635775 0.171885635775 0.171885635775 0.203114354117 0.203114354117 0.203114354117 0.222015875886 0.222015875886 0.222015875886 0.277984111801 0.277984111801 0.277984111801 0.296885633594 0.296885633594 0.296885633594 0.328114352193 0.328114352193 0.328114352193 0.347015874117 0.347015874117 0.347015874117 0.402984110492 0.402984110492 0.402984110492 0.42188563244 0.42188563244 0.42188563244 0.453114351295 0.453114351295 0.453114351295 0.472015873374 0.472015873374 0.472015873374 0.527984110208 0.527984110208 0.527984110208 0.546885632312 0.546885632312 0.546885632312 0.578114351423 0.578114351423 0.578114351423 0.597015873657 0.597015873657 0.597015873657 0.652984110951 0.652984110951 0.652984110951 0.67188563321 0.67188563321 0.67188563321 0.703114352577 0.703114352577 0.703114352577 0.722015874967 0.722015874967 0.722015874967 0.77798411272 0.77798411272 0.77798411272 0.796885635134 0.796885635134 0.796885635134 0.828114354758 0.828114354758 0.828114354758 0.847015877302 0.847015877302 0.847015877302 0.902984115515 0.902984115515 0.902984115515 0.921885638084 0.921885638084 0.921885638084 0.953114357964 0.953114357964 0.953114357964 0.972015880664 0.972015880664 0.972015880664 1.0 1.0 1.0 100 1.35278560581e-16 234.877239941 -4.34550581577e-15 1.09169348694e-16 234.877239941 0.426395788643 8.30601368083e-17 234.918512934 0.852791577285 1.35278560581e-16 234.998234016 1.27236743941 1.35278560581e-16 234.505705887 1.60442371187 1.35278560581e-16 234.013177757 1.93647998434 -3.62922290855e-18 233.520649627 2.26853626019 -4.68758229878e-17 233.71532925 2.97480683729 -8.86887261633e-17 233.998177685 3.65766336711 1.35278560581e-16 234.359927121 4.29473136524 1.35278560581e-16 234.942996343 4.18126062688 1.35278560581e-16 235.526065566 4.06778988853 -1.06853653954e-16 236.109134788 3.95431915069 -1.50090575123e-16 236.589762028 4.6604316592 -1.87849776852e-16 237.198426547 5.27708622043 1.35278560581e-16 237.908534077 5.75371843931 1.35278560581e-16 237.795063339 6.33678766166 1.35278560581e-16 237.681592601 6.91985688401 -3.62922290855e-18 237.568121865 7.50292610826 -4.68758229878e-17 238.20518986 7.86467554185 -8.86887261633e-17 238.88804639 8.14752397766 1.35278560581e-16 239.594316971 8.34220360029 1.35278560581e-16 239.926373243 7.84967547066 1.35278560581e-16 240.258429516 7.35714734111 -1.06853653954e-16 240.590485788 6.8646192118 -1.50090575123e-16 241.429637512 7.02406137458 -1.87849776852e-16 242.296068943 7.02971118709 1.35278560581e-16 243.135220666 6.86461921154 1.35278560581e-16 243.467276939 7.35714734111 1.35278560581e-16 243.799333211 7.84967547066 -3.62922290855e-18 244.131389487 8.3422035996 -4.68758229878e-17 244.837660064 8.14752397766 -8.86887261633e-17 245.520516594 7.86467554185 1.35278560581e-16 246.157584593 7.50292610637 1.35278560581e-16 246.044113854 6.91985688401 1.35278560581e-16 245.930643116 6.33678766166 -1.06853653954e-16 245.817172378 5.75371843915 -1.50090575123e-16 246.523284886 5.27309119968 -1.87849776852e-16 247.139939448 4.66442667994 1.35278560581e-16 247.616571666 3.95431915018 1.35278560581e-16 248.199640889 4.06778988853 1.35278560581e-16 248.782710111 4.18126062688 -3.62922290855e-18 249.365779335 4.29473136235 -4.68758229878e-17 249.727528769 3.65766336711 -8.86887261633e-17 250.010377205 2.97480683729 1.35278560581e-16 250.205056828 2.26853625682 1.35278560581e-16 249.712528698 1.93647998434 1.35278560581e-16 249.220000568 1.60442371187 -1.06853653954e-16 248.727472439 1.27236743893 -1.50090575123e-16 248.886914602 0.43321571564 -1.87849776852e-16 248.892564414 -0.43321571564 1.35278560581e-16 248.727472439 -1.27236743941 1.35278560581e-16 249.220000568 -1.60442371187 1.35278560581e-16 249.712528698 -1.93647998434 -3.62922290855e-18 250.205056827 -2.26853626019 -4.68758229878e-17 250.010377205 -2.97480683729 -8.86887261633e-17 249.727528769 -3.65766336711 1.35278560581e-16 249.365779334 -4.29473136524 1.35278560581e-16 248.782710111 -4.18126062688 1.35278560581e-16 248.199640889 -4.06778988853 -1.06853653954e-16 247.616571666 -3.95431915069 -1.50090575123e-16 247.135944427 -4.6604316592 -1.87849776852e-16 246.527279908 -5.27708622043 1.35278560581e-16 245.817172378 -5.75371843931 1.35278560581e-16 245.930643116 -6.33678766166 1.35278560581e-16 246.044113854 -6.91985688401 -3.62922290855e-18 246.15758459 -7.50292610826 -4.68758229878e-17 245.520516594 -7.86467554185 -8.86887261633e-17 244.837660064 -8.14752397766 1.35278560581e-16 244.131389484 -8.34220360029 1.35278560581e-16 243.799333211 -7.84967547066 1.35278560581e-16 243.467276939 -7.35714734111 -1.06853653954e-16 243.135220666 -6.8646192118 -1.50090575123e-16 242.296068943 -7.02406137458 -1.87849776852e-16 241.429637512 -7.02971118709 1.35278560581e-16 240.590485788 -6.86461921154 1.35278560581e-16 240.258429516 -7.35714734111 1.35278560581e-16 239.926373243 -7.84967547066 -3.62922290855e-18 239.594316967 -8.3422035996 -4.68758229878e-17 238.88804639 -8.14752397766 -8.86887261633e-17 238.20518986 -7.86467554185 1.35278560581e-16 237.568121862 -7.50292610637 1.35278560581e-16 237.681592601 -6.91985688401 1.35278560581e-16 237.795063339 -6.33678766166 -1.06853653954e-16 237.908534077 -5.75371843915 -1.50090575123e-16 237.202421568 -5.27309119968 -1.87849776852e-16 236.585767007 -4.66442667994 1.35278560581e-16 236.109134788 -3.95431915018 1.35278560581e-16 235.526065566 -4.06778988853 1.35278560581e-16 234.942996343 -4.18126062688 -3.62922290855e-18 234.359927119 -4.29473136235 -4.68758229878e-17 233.998177685 -3.65766336711 -8.86887261633e-17 233.71532925 -2.97480683729 1.35278560581e-16 233.520649627 -2.26853625682 1.35278560581e-16 234.013177757 -1.93647998434 1.35278560581e-16 234.505705887 -1.60442371187 -1.06853653954e-16 234.998234015 -1.27236743893 -1.28472114539e-16 234.918512934 -0.852791577285 -1.48721145264e-16 234.877239941 -0.426395788643 -1.6718314604e-16 234.877239941 -6.59225040552e-15
-> CNT_GEAR_FOOT_1_L gear
 3 97 0 0 3 102 0.0 0.0 0.0 0.0279841174983 0.0279841174983 0.0279841174983 0.0468856389811 0.0468856389811 0.0468856389811 0.0781143570669 0.0781143570669 0.0781143570669 0.0970158786806 0.0970158786806 0.0970158786806 0.152984114137 0.152984114137 0.152984114137 0.171885635775 0.171885635775 0.171885635775 0.203114354117 0.203114354117 0.203114354117 0.222015875886 0.222015875886 0.222015875886 0.277984111801 0.277984111801 0.277984111801 0.296885633594 0.296885633594 0.296885633594 0.328114352193 0.328114352193 0.328114352193 0.347015874117 0.347015874117 0.347015874117 0.402984110492 0.402984110492 0.402984110492 0.42188563244 0.42188563244 0.42188563244 0.453114351295 0.453114351295 0.453114351295 0.472015873374 0.472015873374 0.472015873374 0.527984110208 0.527984110208 0.527984110208 0.546885632312 0.546885632312 0.546885632312 0.578114351423 0.578114351423 0.578114351423 0.597015873657 0.597015873657 0.597015873657 0.652984110951 0.652984110951 0.652984110951 0.67188563321 0.67188563321 0.67188563321 0.703114352577 0.703114352577 0.703114352577 0.722015874967 0.722015874967 0.722015874967 0.77798411272 0.77798411272 0.77798411272 0.796885635134 0.796885635134 0.796885635134 0.828114354758 0.828114354758 0.828114354758 0.847015877302 0.847015877302 0.847015877302 0.902984115515 0.902984115515 0.902984115515 0.921885638084 0.921885638084 0.921885638084 0.953114357964 0.953114357964 0.953114357964 0.972015880664 0.972015880664 0.972015880664 1.0 1.0 1.0 100 -14.2221171869 0.0166121120555 -8.54122161215 -14.2221171869 0.0166121120555 -8.45318834404 -14.213596004 0.0166121120555 -8.36515507595 -14.1971368654 0.0166121120555 -8.27852984338 -14.2988237536 0.0166121120555 -8.20997382187 -14.4005106418 0.0166121120555 -8.14141780036 -14.5021975299 0.0166121120555 -8.07286177816 -14.4620041606 0.0166121120555 -7.927045828 -14.4036075422 0.0166121120555 -7.78606391973 -14.3289210986 0.0166121120555 -7.65453546806 -14.2085411827 0.0166121120555 -7.67796252855 -14.0881612668 0.0166121120555 -7.70138958904 -13.9677813508 0.0166121120555 -7.72481664941 -13.8685515091 0.0166121120555 -7.57903333394 -13.7428872125 0.0166121120555 -7.45171942101 -13.5962790888 0.0166121120555 -7.3533143874 -13.6197061492 0.0166121120555 -7.23293447152 -13.6431332097 0.0166121120555 -7.11255455563 -13.6665602697 0.0166121120555 -6.99217463936 -13.5350318186 0.0166121120555 -6.9174881961 -13.3940499103 0.0166121120555 -6.85909157764 -13.2482339594 0.0166121120555 -6.81889820832 -13.1796779379 0.0166121120555 -6.92058509651 -13.1111219165 0.0166121120555 -7.02227198468 -13.0425658948 0.0166121120555 -7.12395887278 -12.8693154299 0.0166121120555 -7.09104059583 -12.6904328225 0.0166121120555 -7.08987414093 -12.5171823574 0.0166121120555 -7.12395887284 -12.4486263359 0.0166121120555 -7.02227198468 -12.3800703143 0.0166121120555 -6.92058509651 -12.3115142922 0.0166121120555 -6.81889820847 -12.165698342 0.0166121120555 -6.85909157764 -12.0247164337 0.0166121120555 -6.9174881961 -11.8931879821 0.0166121120555 -6.99217463975 -11.9166150425 0.0166121120555 -7.11255455563 -11.9400421031 0.0166121120555 -7.23293447152 -11.9634691634 0.0166121120555 -7.35331438744 -11.817685848 0.0166121120555 -7.45254422918 -11.690371935 0.0166121120555 -7.57820852577 -11.5919669014 0.0166121120555 -7.72481664951 -11.4715869855 0.0166121120555 -7.70138958904 -11.3512070696 0.0166121120555 -7.67796252855 -11.2308271534 0.0166121120555 -7.65453546866 -11.1561407101 0.0166121120555 -7.78606391973 -11.0977440917 0.0166121120555 -7.927045828 -11.0575507223 0.0166121120555 -8.07286177886 -11.1592376105 0.0166121120555 -8.14141780036 -11.2609244987 0.0166121120555 -8.20997382187 -11.3626113868 0.0166121120555 -8.27852984348 -11.3296931098 0.0166121120555 -8.45178030843 -11.3285266549 0.0166121120555 -8.63066291587 -11.3626113868 0.0166121120555 -8.80391338091 -11.2609244987 0.0166121120555 -8.87246940242 -11.1592376105 0.0166121120555 -8.94102542393 -11.0575507225 0.0166121120555 -9.00958144614 -11.0977440917 0.0166121120555 -9.15539739629 -11.1561407101 0.0166121120555 -9.29637930457 -11.2308271538 0.0166121120555 -9.42790775623 -11.3512070696 0.0166121120555 -9.40448069574 -11.4715869855 0.0166121120555 -9.38105363527 -11.5919669015 0.0166121120555 -9.35762657488 -11.6911967432 0.0166121120555 -9.50340989035 -11.8168610398 0.0166121120555 -9.63072380329 -11.9634691635 0.0166121120555 -9.72912883689 -11.9400421031 0.0166121120555 -9.84950875277 -11.9166150425 0.0166121120555 -9.96988866866 -11.8931879826 0.0166121120555 -10.0902685849 -12.0247164337 0.0166121120555 -10.1649550282 -12.165698342 0.0166121120555 -10.2233516466 -12.3115142929 0.0166121120555 -10.263545016 -12.3800703143 0.0166121120555 -10.1618581278 -12.4486263359 0.0166121120555 -10.0601712396 -12.5171823575 0.0166121120555 -9.95848435151 -12.6904328225 0.0166121120555 -9.99140262846 -12.8693154299 0.0166121120555 -9.99256908336 -13.0425658949 0.0166121120555 -9.95848435145 -13.1111219165 0.0166121120555 -10.0601712396 -13.1796779379 0.0166121120555 -10.1618581278 -13.2482339601 0.0166121120555 -10.2635450158 -13.3940499103 0.0166121120555 -10.2233516466 -13.5350318186 0.0166121120555 -10.1649550282 -13.6665602703 0.0166121120555 -10.0902685845 -13.6431332097 0.0166121120555 -9.96988866866 -13.6197061492 0.0166121120555 -9.84950875277 -13.5962790889 0.0166121120555 -9.72912883686 -13.7420624043 0.0166121120555 -9.62989899511 -13.8693763173 0.0166121120555 -9.50423469853 -13.967781351 0.0166121120555 -9.35762657478 -14.0881612668 0.0166121120555 -9.38105363527 -14.2085411827 0.0166121120555 -9.40448069574 -14.3289210989 0.0166121120555 -9.42790775564 -14.4036075422 0.0166121120555 -9.29637930457 -14.4620041606 0.0166121120555 -9.15539739629 -14.50219753 0.0166121120555 -9.00958144544 -14.4005106418 0.0166121120555 -8.94102542393 -14.2988237536 0.0166121120555 -8.87246940242 -14.1971368655 0.0166121120555 -8.80391338081 -14.213596004 0.0166121120555 -8.71728814834 -14.2221171869 0.0166121120555 -8.62925488025 -14.2221171869 0.0166121120555 -8.54122161215
-> CNT_GEAR_FOOT_1_R gear
 3 97 0 0 3 102 0.0 0.0 0.0 0.0279841174983 0.0279841174983 0.0279841174983 0.0468856389811 0.0468856389811 0.0468856389811 0.0781143570669 0.0781143570669 0.0781143570669 0.0970158786806 0.0970158786806 0.0970158786806 0.152984114137 0.152984114137 0.152984114137 0.171885635775 0.171885635775 0.171885635775 0.203114354117 0.203114354117 0.203114354117 0.222015875886 0.222015875886 0.222015875886 0.277984111801 0.277984111801 0.277984111801 0.296885633594 0.296885633594 0.296885633594 0.328114352193 0.328114352193 0.328114352193 0.347015874117 0.347015874117 0.347015874117 0.402984110492 0.402984110492 0.402984110492 0.42188563244 0.42188563244 0.42188563244 0.453114351295 0.453114351295 0.453114351295 0.472015873374 0.472015873374 0.472015873374 0.527984110208 0.527984110208 0.527984110208 0.546885632312 0.546885632312 0.546885632312 0.578114351423 0.578114351423 0.578114351423 0.597015873657 0.597015873657 0.597015873657 0.652984110951 0.652984110951 0.652984110951 0.67188563321 0.67188563321 0.67188563321 0.703114352577 0.703114352577 0.703114352577 0.722015874967 0.722015874967 0.722015874967 0.77798411272 0.77798411272 0.77798411272 0.796885635134 0.796885635134 0.796885635134 0.828114354758 0.828114354758 0.828114354758 0.847015877302 0.847015877302 0.847015877302 0.902984115515 0.902984115515 0.902984115515 0.921885638084 0.921885638084 0.921885638084 0.953114357964 0.953114357964 0.953114357964 0.972015880664 0.972015880664 0.972015880664 1.0 1.0 1.0 100 11.3376310654 -0.0166121120556 8.54122161215 11.3376310654 -0.0166121120556 8.62925488025 11.3461522483 -0.0166121120556 8.71728814834 11.3626113868 -0.0166121120556 8.80391338091 11.2609244987 -0.0166121120556 8.87246940242 11.1592376105 -0.0166121120556 8.94102542393 11.0575507225 -0.0166121120556 9.00958144614 11.0977440917 -0.0166121120556 9.15539739629 11.1561407101 -0.0166121120556 9.29637930457 11.2308271538 -0.0166121120556 9.42790775623 11.3512070696 -0.0166121120556 9.40448069574 11.4715869855 -0.0166121120556 9.38105363527 11.5919669015 -0.0166121120556 9.35762657488 11.6911967432 -0.0166121120556 9.50340989035 11.8168610398 -0.0166121120556 9.63072380329 11.9634691635 -0.0166121120556 9.72912883689 11.9400421031 -0.0166121120556 9.84950875277 11.9166150425 -0.0166121120556 9.96988866866 11.8931879826 -0.0166121120556 10.0902685849 12.0247164337 -0.0166121120556 10.1649550282 12.165698342 -0.0166121120556 10.2233516466 12.3115142929 -0.0166121120556 10.263545016 12.3800703143 -0.0166121120556 10.1618581278 12.4486263359 -0.0166121120556 10.0601712396 12.5171823575 -0.0166121120556 9.95848435151 12.6904328225 -0.0166121120556 9.99140262846 12.8693154299 -0.0166121120556 9.99256908336 13.0425658949 -0.0166121120556 9.95848435145 13.1111219165 -0.0166121120556 10.0601712396 13.1796779379 -0.0166121120556 10.1618581278 13.2482339601 -0.0166121120556 10.2635450158 13.3940499103 -0.0166121120556 10.2233516466 13.5350318186 -0.0166121120556 10.1649550282 13.6665602703 -0.0166121120556 10.0902685845 13.6431332097 -0.0166121120556 9.96988866866 13.6197061492 -0.0166121120556 9.84950875277 13.5962790889 -0.0166121120556 9.72912883686 13.7420624043 -0.0166121120556 9.62989899511 13.8693763173 -0.0166121120556 9.50423469853 13.967781351 -0.0166121120556 9.35762657478 14.0881612668 -0.0166121120556 9.38105363527 14.2085411827 -0.0166121120556 9.40448069574 14.3289210989 -0.0166121120556 9.42790775564 14.4036075422 -0.0166121120556 9.29637930457 14.4620041606 -0.0166121120556 9.15539739629 14.50219753 -0.0166121120556 9.00958144544 14.4005106418 -0.0166121120556 8.94102542393 14.2988237536 -0.0166121120556 8.87246940242 14.1971368655 -0.0166121120556 8.80391338081 14.2300551425 -0.0166121120556 8.63066291587 14.2312215973 -0.0166121120556 8.45178030843 14.1971368654 -0.0166121120556 8.27852984338 14.2988237536 -0.0166121120556 8.20997382187 14.4005106418 -0.0166121120556 8.14141780036 14.5021975299 -0.0166121120556 8.07286177816 14.4620041606 -0.0166121120556 7.927045828 14.4036075422 -0.0166121120556 7.78606391973 14.3289210986 -0.0166121120556 7.65453546806 14.2085411827 -0.0166121120556 7.67796252855 14.0881612668 -0.0166121120556 7.70138958904 13.9677813508 -0.0166121120556 7.72481664941 13.8685515091 -0.0166121120556 7.57903333394 13.7428872125 -0.0166121120556 7.45171942101 13.5962790888 -0.0166121120556 7.3533143874 13.6197061492 -0.0166121120556 7.23293447152 13.6431332097 -0.0166121120556 7.11255455563 13.6665602697 -0.0166121120556 6.99217463936 13.5350318186 -0.0166121120556 6.9174881961 13.3940499103 -0.0166121120556 6.85909157764 13.2482339594 -0.0166121120556 6.81889820832 13.1796779379 -0.0166121120556 6.92058509651 13.1111219165 -0.0166121120556 7.02227198468 13.0425658948 -0.0166121120556 7.12395887278 12.8693154299 -0.0166121120556 7.09104059583 12.6904328225 -0.0166121120556 7.08987414093 12.5171823574 -0.0166121120556 7.12395887284 12.4486263359 -0.0166121120556 7.02227198468 12.3800703143 -0.0166121120556 6.92058509651 12.3115142922 -0.0166121120556 6.81889820847 12.165698342 -0.0166121120556 6.85909157764 12.0247164337 -0.0166121120556 6.9174881961 11.8931879821 -0.0166121120556 6.99217463975 11.9166150425 -0.0166121120556 7.11255455563 11.9400421031 -0.0166121120556 7.23293447152 11.9634691634 -0.0166121120556 7.35331438744 11.817685848 -0.0166121120556 7.45254422918 11.690371935 -0.0166121120556 7.57820852577 11.5919669014 -0.0166121120556 7.72481664951 11.4715869855 -0.0166121120556 7.70138958904 11.3512070696 -0.0166121120556 7.67796252855 11.2308271534 -0.0166121120556 7.65453546866 11.1561407101 -0.0166121120556 7.78606391973 11.0977440917 -0.0166121120556 7.927045828 11.0575507223 -0.0166121120556 8.07286177886 11.1592376105 -0.0166121120556 8.14141780036 11.2609244987 -0.0166121120556 8.20997382187 11.3626113868 -0.0166121120556 8.27852984348 11.3461522483 -0.0166121120556 8.36515507595 11.3376310654 -0.0166121120556 8.45318834404 11.3376310654 -0.0166121120556 8.54122161215
-> CNT_GEAR_HAND_1_L gear
 3 97 0 0 3 102 0.0 0.0 0.0 0.0279841174983 0.0279841174983 0.0279841174983 0.0468856389811 0.0468856389811 0.0468856389811 0.0781143570669 0.0781143570669 0.0781143570669 0.0970158786806 0.0970158786806 0.0970158786806 0.152984114137 0.152984114137 0.152984114137 0.171885635775 0.171885635775 0.171885635775 0.203114354117 0.203114354117 0.203114354117 0.222015875886 0.222015875886 0.222015875886 0.277984111801 0.277984111801 0.277984111801 0.296885633594 0.296885633594 0.296885633594 0.328114352193 0.328114352193 0.328114352193 0.347015874117 0.347015874117 0.347015874117 0.402984110492 0.402984110492 0.402984110492 0.42188563244 0.42188563244 0.42188563244 0.453114351295 0.453114351295 0.453114351295 0.472015873374 0.472015873374 0.472015873374 0.527984110208 0.527984110208 0.527984110208 0.546885632312 0.546885632312 0.546885632312 0.578114351423 0.578114351423 0.578114351423 0.597015873657 0.597015873657 0.597015873657 0.652984110951 0.652984110951 0.652984110951 0.67188563321 0.67188563321 0.67188563321 0.703114352577 0.703114352577 0.703114352577 0.722015874967 0.722015874967 0.722015874967 0.77798411272 0.77798411272 0.77798411272 0.796885635134 0.796885635134 0.796885635134 0.828114354758 0.828114354758 0.828114354758 0.847015877302 0.847015877302 0.847015877302 0.902984115515 0.902984115515 0.902984115515 0.921885638084 0.921885638084 0.921885638084 0.953114357964 0.953114357964 0.953114357964 0.972015880664 0.972015880664 0.972015880664 1.0 1.0 1.0 100 1.35922181351 0.0845629635836 9.80513523914 1.35922181351 0.0845629635836 9.71710197104 1.35070063055 0.0845629635836 9.62906870295 1.33424149202 0.0845629635836 9.54244347038 1.43592838019 0.0845629635836 9.47388744887 1.53761526836 0.0845629635836 9.40533142736 1.6393021564 0.0845629635836 9.33677540514 1.59910878721 0.0845629635836 9.19095945499 1.54071216876 0.0845629635836 9.04997754672 1.46602572512 0.0845629635836 8.91844909506 1.34564580923 0.0845629635836 8.94187615555 1.22526589335 0.0845629635836 8.96530321602 1.10488597742 0.0845629635836 8.98873027641 1.00565613568 0.0845629635836 8.84294696094 0.87999183909 0.0845629635836 8.715633048 0.733383715345 0.0845629635836 8.6172280144 0.756810775828 0.0845629635836 8.49684809852 0.780237836313 0.0845629635836 8.37646818263 0.8036648962 0.0845629635836 8.25608826635 0.672136445134 0.0845629635836 8.1814018231 0.531154536862 0.0845629635836 8.12300520464 0.385338586008 0.0845629635836 8.08281183531 0.316782564498 0.0845629635836 8.18449872349 0.248226542987 0.0845629635836 8.28618561166 0.179670521381 0.0845629635836 8.38787249978 0.00642005643909 0.0845629635836 8.35495422283 -0.172462551012 0.0845629635836 8.35378776793 -0.345713016051 0.0845629635836 8.38787249984 -0.41426903756 0.0845629635836 8.28618561166 -0.482825059071 0.0845629635836 8.18449872349 -0.551381081279 0.0845629635836 8.08281183545 -0.697197031436 0.0845629635836 8.12300520464 -0.838178939706 0.0845629635836 8.1814018231 -0.969707391369 0.0845629635836 8.25608826674 -0.946280330885 0.0845629635836 8.37646818263 -0.922853270401 0.0845629635836 8.49684809852 -0.899426210024 0.0845629635836 8.61722801443 -1.04520952549 0.0845629635836 8.71645785618 -1.17252343843 0.0845629635836 8.84212215276 -1.27092847202 0.0845629635836 8.98873027651 -1.39130838791 0.0845629635836 8.96530321602 -1.51168830379 0.0845629635836 8.94187615555 -1.63206822008 0.0845629635836 8.91844909565 -1.70675466333 0.0845629635836 9.04997754672 -1.76515128179 0.0845629635836 9.19095945499 -1.80534465112 0.0845629635836 9.33677540585 -1.70365776293 0.0845629635836 9.40533142736 -1.60197087476 0.0845629635836 9.47388744887 -1.50028398665 0.0845629635836 9.54244347048 -1.5332022636 0.0845629635836 9.71569393541 -1.53436871851 0.0845629635836 9.89457654286 -1.50028398659 0.0845629635836 10.0678270079 -1.60197087476 0.0845629635836 10.1363830294 -1.70365776293 0.0845629635836 10.2049390509 -1.80534465097 0.0845629635836 10.2734950731 -1.76515128179 0.0845629635836 10.4193110233 -1.70675466333 0.0845629635836 10.5602929316 -1.63206821969 0.0845629635836 10.6918213832 -1.51168830379 0.0845629635836 10.6683943227 -1.39130838791 0.0845629635836 10.6449672623 -1.270928472 0.0845629635836 10.6215402019 -1.17169863025 0.0845629635836 10.7673235173 -1.04603433366 0.0845629635836 10.8946374303 -0.899426209918 0.0845629635836 10.9930424639 -0.922853270401 0.0845629635836 11.1134223798 -0.946280330885 0.0845629635836 11.2338022957 -0.969707390773 0.0845629635836 11.3541822119 -0.838178939706 0.0845629635836 11.4288686552 -0.697197031436 0.0845629635836 11.4872652736 -0.551381080581 0.0845629635836 11.527458643 -0.482825059071 0.0845629635836 11.4257717548 -0.41426903756 0.0845629635836 11.3240848666 -0.345713015953 0.0845629635836 11.2223979785 -0.172462551012 0.0845629635836 11.2553162555 0.00642005643909 0.0845629635836 11.2564827104 0.179670521478 0.0845629635836 11.2223979784 0.248226542987 0.0845629635836 11.3240848666 0.316782564498 0.0845629635836 11.4257717548 0.385338586706 0.0845629635836 11.5274586428 0.531154536862 0.0845629635836 11.4872652736 0.672136445134 0.0845629635836 11.4288686552 0.803664896797 0.0845629635836 11.3541822115 0.780237836313 0.0845629635836 11.2338022957 0.756810775828 0.0845629635836 11.1134223798 0.733383715451 0.0845629635836 10.9930424639 0.879167030916 0.0845629635836 10.8938126221 1.00648094385 0.0845629635836 10.7681483255 1.10488597746 0.0845629635836 10.6215402018 1.22526589335 0.0845629635836 10.6449672623 1.34564580923 0.0845629635836 10.6683943227 1.4660257255 0.0845629635836 10.6918213826 1.54071216876 0.0845629635836 10.5602929316 1.59910878721 0.0845629635836 10.4193110233 1.63930215654 0.0845629635836 10.2734950724 1.53761526836 0.0845629635836 10.2049390509 1.43592838019 0.0845629635836 10.1363830294 1.33424149207 0.0845629635836 10.0678270078 1.35070063055 0.0845629635836 9.98120177534 1.35922181351 0.0845629635836 9.89316850724 1.35922181351 0.0845629635836 9.80513523914
-> CNT_GEAR_HAND_1_R gear
 3 97 0 0 3 102 0.0 0.0 0.0 0.0279841174983 0.0279841174983 0.0279841174983 0.0468856389811 0.0468856389811 0.0468856389811 0.0781143570669 0.0781143570669 0.0781143570669 0.0970158786806 0.0970158786806 0.0970158786806 0.152984114137 0.152984114137 0.152984114137 0.171885635775 0.171885635775 0.171885635775 0.203114354117 0.203114354117 0.203114354117 0.222015875886 0.222015875886 0.222015875886 0.277984111801 0.277984111801 0.277984111801 0.296885633594 0.296885633594 0.296885633594 0.328114352193 0.328114352193 0.328114352193 0.347015874117 0.347015874117 0.347015874117 0.402984110492 0.402984110492 0.402984110492 0.42188563244 0.42188563244 0.42188563244 0.453114351295 0.453114351295 0.453114351295 0.472015873374 0.472015873374 0.472015873374 0.527984110208 0.527984110208 0.527984110208 0.546885632312 0.546885632312 0.546885632312 0.578114351423 0.578114351423 0.578114351423 0.597015873657 0.597015873657 0.597015873657 0.652984110951 0.652984110951 0.652984110951 0.67188563321 0.67188563321 0.67188563321 0.703114352577 0.703114352577 0.703114352577 0.722015874967 0.722015874967 0.722015874967 0.77798411272 0.77798411272 0.77798411272 0.796885635134 0.796885635134 0.796885635134 0.828114354758 0.828114354758 0.828114354758 0.847015877302 0.847015877302 0.847015877302 0.902984115515 0.902984115515 0.902984115515 0.921885638084 0.921885638084 0.921885638084 0.953114357964 0.953114357964 0.953114357964 0.972015880664 0.972015880664 0.972015880664 1.0 1.0 1.0 100 1.35922181351 -0.0845629635835 9.80513523914 1.35922181351 -0.0845629635835 9.71710197104 1.35070063055 -0.0845629635835 9.62906870295 1.33424149202 -0.0845629635835 9.54244347038 1.43592838019 -0.0845629635835 9.47388744887 1.53761526836 -0.0845629635835 9.40533142736 1.6393021564 -0.0845629635835 9.33677540514 1.59910878721 -0.0845629635835 9.19095945499 1.54071216876 -0.0845629635835 9.04997754672 1.46602572512 -0.0845629635835 8.91844909506 1.34564580923 -0.0845629635835 8.94187615555 1.22526589335 -0.0845629635835 8.96530321602 1.10488597742 -0.0845629635835 8.98873027641 1.00565613568 -0.0845629635835 8.84294696094 0.87999183909 -0.0845629635835 8.715633048 0.733383715345 -0.0845629635835 8.6172280144 0.756810775829 -0.0845629635835 8.49684809852 0.780237836313 -0.0845629635835 8.37646818263 0.8036648962 -0.0845629635835 8.25608826635 0.672136445134 -0.0845629635835 8.1814018231 0.531154536862 -0.0845629635835 8.12300520464 0.385338586008 -0.0845629635835 8.08281183531 0.316782564498 -0.0845629635835 8.18449872349 0.248226542987 -0.0845629635835 8.28618561166 0.179670521381 -0.0845629635835 8.38787249978 0.00642005643914 -0.0845629635835 8.35495422283 -0.172462551012 -0.0845629635835 8.35378776793 -0.345713016051 -0.0845629635835 8.38787249984 -0.41426903756 -0.0845629635835 8.28618561166 -0.482825059071 -0.0845629635835 8.18449872349 -0.551381081278 -0.0845629635835 8.08281183545 -0.697197031436 -0.0845629635835 8.12300520464 -0.838178939706 -0.0845629635835 8.1814018231 -0.969707391369 -0.0845629635835 8.25608826674 -0.946280330885 -0.0845629635835 8.37646818263 -0.922853270401 -0.0845629635835 8.49684809852 -0.899426210024 -0.0845629635835 8.61722801443 -1.04520952549 -0.0845629635835 8.71645785618 -1.17252343843 -0.0845629635835 8.84212215276 -1.27092847202 -0.0845629635835 8.98873027651 -1.39130838791 -0.0845629635835 8.96530321602 -1.51168830379 -0.0845629635835 8.94187615555 -1.63206822008 -0.0845629635835 8.91844909565 -1.70675466333 -0.0845629635835 9.04997754672 -1.76515128179 -0.0845629635835 9.19095945499 -1.80534465112 -0.0845629635835 9.33677540585 -1.70365776293 -0.0845629635835 9.40533142736 -1.60197087476 -0.0845629635835 9.47388744887 -1.50028398665 -0.0845629635835 9.54244347048 -1.5332022636 -0.0845629635835 9.71569393541 -1.53436871851 -0.0845629635835 9.89457654286 -1.50028398659 -0.0845629635835 10.0678270079 -1.60197087476 -0.0845629635835 10.1363830294 -1.70365776293 -0.0845629635835 10.2049390509 -1.80534465097 -0.0845629635835 10.2734950731 -1.76515128179 -0.0845629635835 10.4193110233 -1.70675466333 -0.0845629635835 10.5602929316 -1.63206821969 -0.0845629635835 10.6918213832 -1.51168830379 -0.0845629635835 10.6683943227 -1.39130838791 -0.0845629635835 10.6449672623 -1.270928472 -0.0845629635835 10.6215402019 -1.17169863025 -0.0845629635835 10.7673235173 -1.04603433366 -0.0845629635835 10.8946374303 -0.899426209918 -0.0845629635835 10.9930424639 -0.922853270401 -0.0845629635835 11.1134223798 -0.946280330885 -0.0845629635835 11.2338022957 -0.969707390773 -0.0845629635835 11.3541822119 -0.838178939706 -0.0845629635835 11.4288686552 -0.697197031436 -0.0845629635835 11.4872652736 -0.551381080581 -0.0845629635835 11.527458643 -0.482825059071 -0.0845629635835 11.4257717548 -0.41426903756 -0.0845629635835 11.3240848666 -0.345713015953 -0.0845629635835 11.2223979785 -0.172462551012 -0.0845629635835 11.2553162555 0.00642005643914 -0.0845629635835 11.2564827104 0.179670521478 -0.0845629635835 11.2223979784 0.248226542987 -0.0845629635835 11.3240848666 0.316782564498 -0.0845629635835 11.4257717548 0.385338586706 -0.0845629635835 11.5274586428 0.531154536862 -0.0845629635835 11.4872652736 0.672136445134 -0.0845629635835 11.4288686552 0.803664896797 -0.0845629635835 11.3541822115 0.780237836313 -0.0845629635835 11.2338022957 0.756810775829 -0.0845629635835 11.1134223798 0.733383715451 -0.0845629635835 10.9930424639 0.879167030916 -0.0845629635835 10.8938126221 1.00648094385 -0.0845629635835 10.7681483255 1.10488597746 -0.0845629635835 10.6215402018 1.22526589335 -0.0845629635835 10.6449672623 1.34564580923 -0.0845629635835 10.6683943227 1.4660257255 -0.0845629635835 10.6918213826 1.54071216876 -0.0845629635835 10.5602929316 1.59910878721 -0.0845629635835 10.4193110233 1.63930215654 -0.0845629635835 10.2734950724 1.53761526836 -0.0845629635835 10.2049390509 1.43592838019 -0.0845629635835 10.1363830294 1.33424149207 -0.0845629635835 10.0678270078 1.35070063055 -0.0845629635835 9.98120177534 1.35922181351 -0.0845629635835 9.89316850724 1.35922181351 -0.0845629635835 9.80513523914
-> CNT_GROUND_1 outwardCirclePointer
 3 88 0 0 3 93 0.0 0.0 0.0 1.0 2.0 3.0 4.0 5.0 6.0 7.0 8.0 9.0 10.0 11.0 12.0 13.0 14.0 15.0 16.0 17.0 18.0 19.0 20.0 21.0 22.0 23.0 24.0 25.0 26.0 27.0 28.0 29.0 30.0 31.0 32.0 33.0 34.0 35.0 36.0 37.0 38.0 39.0 40.0 41.0 42.0 43.0 44.0 45.0 46.0 47.0 48.0 49.0 50.0 51.0 52.0 53.0 54.0 55.0 56.0 57.0 58.0 59.0 60.0 61.0 62.0 63.0 64.0 65.0 66.0 67.0 68.0 69.0 70.0 71.0 72.0 73.0 74.0 75.0 76.0 77.0 78.0 79.0 80.0 81.0 82.0 83.0 84.0 85.0 86.0 87.0 88.0 88.0 88.0 91 1.06581410364e-12 111.82517238 0.401677309832 -34.5469422936 75.4323621766 0.401677309832 -34.5469422936 75.4323621766 0.401677309832 -34.5469422936 75.4323621766 0.401677309832 -17.273443431 75.4323621766 0.401677309832 -17.273443431 75.4323621766 0.401677309832 -17.273443431 75.4323621766 0.401677309832 -17.273443431 61.9315845091 0.401677309832 -17.273443431 61.9315845091 0.401677309832 -17.273443431 61.9315845091 0.401677309832 -33.4109297729 58.115460474 0.401677309832 -58.4275950746 33.3814402315 0.401677309832 -62.2437191096 17.273443431 0.401677309832 -62.1805826668 17.5363548874 0.401677309832 -62.1805826668 17.5363548874 0.401677309832 -75.4323621766 17.273443431 0.401677309832 -75.4323621766 17.273443431 0.401677309832 -75.4323621766 17.4103591589 0.401677309832 -75.4323621766 34.5469422936 0.401677309832 -75.4323621766 34.5469422936 0.401677309832 -75.4323621766 34.5469422936 0.401677309832 -111.82517238 -1.70530256582e-12 0.401677309832 -111.82517238 -1.70530256582e-12 0.401677309832 -111.82517238 -1.70530256582e-12 0.401677309832 -75.4323621766 -34.5469422936 0.401677309832 -75.4323621766 -34.5469422936 0.401677309832 -75.4323621766 -34.5469422936 0.401677309832 -75.4323621766 -17.2734434311 0.401677309832 -75.4323621766 -17.2734434311 0.401677309832 -75.4323621766 -17.2734434311 0.401677309832 -61.8197238052 -17.2734434311 0.401677309832 -61.8197238052 -17.2734434311 0.401677309832 -61.8197238052 -17.2734434311 0.401677309832 -58.3390155875 -33.6820450866 0.401677309832 -33.6820450866 -58.3390155875 0.401677309832 -17.273443431 -62.162512008 0.401677309832 -16.9875279152 -62.0592431816 0.401677309832 -17.273443431 -61.8798669487 0.401677309832 -17.273443431 -75.4323621766 0.401677309832 -17.273443431 -75.4323621766 0.401677309832 -17.273443431 -75.4323621766 0.401677309832 -34.5469422936 -75.4323621766 0.401677309832 -34.5469422936 -75.4323621766 0.401677309832 -34.5469422936 -75.4323621766 0.401677309832 1.06581410364e-12 -111.82517238 0.401677309832 1.06581410364e-12 -111.82517238 0.401677309832 1.06581410364e-12 -111.82517238 0.401677309832 34.5469422936 -75.4323621766 0.401677309832 34.5469422936 -75.4323621766 0.401677309832 34.5469422936 -75.4323621766 0.401677309832 17.2734434311 -75.4323621766 0.401677309832 17.2734434311 -75.4323621766 0.401677309832 17.2734434311 -75.4323621766 0.401677309832 17.2734434311 -61.7385167034 0.401677309832 17.2734434311 -61.7385167034 0.401677309832 17.2734434311 -61.7385167034 0.401677309832 33.6820450866 -58.3390155875 0.401677309832 58.3390155875 -33.6820450866 0.401677309832 61.9641782128 -17.3312030215 0.401677309832 61.9640119183 -17.3320344935 0.401677309832 61.9640119183 -17.3320344935 0.401677309832 75.4323621766 -17.2734434311 0.401677309832 75.4323621766 -17.2734434311 0.401677309832 75.4323621766 -17.2734434311 0.401677309832 75.4323621766 -34.5469422936 0.401677309832 75.4323621766 -34.5469422936 0.401677309832 75.4323621766 -34.5469422936 0.401677309832 111.82517238 -1.70530256582e-12 0.401677309832 111.82517238 -1.70530256582e-12 0.401677309832 111.82517238 -1.70530256582e-12 0.401677309832 75.4323621766 34.5469422936 0.401677309832 75.4323621766 34.5469422936 0.401677309832 75.4323621766 34.5469422936 0.401677309832 75.4323621766 17.273443431 0.401677309832 75.4323621766 17.273443431 0.401677309832 75.4323621766 17.273443431 0.401677309832 62.0012618653 17.1981674965 0.401677309832 62.0012618653 17.1981674965 0.401677309832 62.0012618653 17.1981674965 0.401677309832 58.3390155875 33.6820450866 0.401677309832 33.6820450866 58.3390155875 0.401677309832 17.6178391464 61.8833591312 0.401677309832 17.6178391464 61.8833591312 0.401677309832 17.6178391464 61.8833591312 0.401677309832 17.586686661 75.4323621766 0.401677309832 17.5871301127 75.2434517311 0.401677309832 17.5871301127 75.2434517311 0.401677309832 34.2812592638 75.4323621766 0.401677309832 34.2812592638 75.4323621766 0.401677309832 34.2812592638 75.4323621766 0.401677309832 0.0469731255088 111.775672078 0.401677309832
-> CNT_HIPS_C circle
 3 8 0 0 3 13 -2.0 -1.0 0.0 1.0 2.0 3.0 4.0 5.0 6.0 7.0 8.0 9.0 10.0 11 -6.27237874635 20.9239529119 -24.8939632327 -14.6603740084 0.0494985585936 -35.205380425 -8.89102393251 -20.6680332031 -24.8939632327 -3.23947808823 -26.2974215744 -4.09627502566e-17 -8.89102393251 -20.6680332031 24.8939632327 -14.6603740084 0.0494985585936 35.205380425 -6.27237874635 20.9239529119 24.8939632327 0.0782768306919 26.3986096468 3.73096679979e-14 -6.27237874635 20.9239529119 -24.8939632327 -14.6603740084 0.0494985585936 -35.205380425 -8.89102393251 -20.6680332031 -24.8939632327
-> CNT_IK_ARM_BTM_1_L circle
 1 15 0 0 3 16 0.0 1.0 2.0 3.0 4.0 5.0 6.0 7.0 8.0 9.0 10.0 11.0 12.0 13.0 14.0 15.0 16 2.2230475183 -6.23498992146 6.23498992146 2.2230475183 6.23498992147 6.23498992146 2.2230475183 6.23498992147 -6.23498992146 2.2230475183 -6.23498992146 -6.23498992146 2.2230475183 -6.23498992146 6.23498992146 -2.2230475183 -6.23498992146 6.23498992146 -2.2230475183 -6.23498992146 -6.23498992146 2.2230475183 -6.23498992146 -6.23498992146 2.2230475183 6.23498992147 -6.23498992146 -2.2230475183 6.23498992147 -6.23498992146 -2.2230475183 -6.23498992146 -6.23498992146 -2.2230475183 -6.23498992146 6.23498992146 -2.2230475183 6.23498992147 6.23498992146 -2.2230475183 6.23498992147 -6.23498992146 -2.2230475183 6.23498992147 6.23498992146 2.2230475183 6.23498992147 6.23498992146
-> CNT_IK_ARM_BTM_1_R circle
 1 15 0 0 3 16 0.0 1.0 2.0 3.0 4.0 5.0 6.0 7.0 8.0 9.0 10.0 11.0 12.0 13.0 14.0 15.0 16 2.2230475183 -6.23498992147 6.23498992146 2.2230475183 6.23498992146 6.23498992146 2.2230475183 6.23498992146 -6.23498992146 2.2230475183 -6.23498992147 -6.23498992146 2.2230475183 -6.23498992147 6.23498992146 -2.2230475183 -6.23498992147 6.23498992146 -2.2230475183 -6.23498992147 -6.23498992146 2.2230475183 -6.23498992147 -6.23498992146 2.2230475183 6.23498992146 -6.23498992146 -2.2230475183 6.23498992146 -6.23498992146 -2.2230475183 -6.23498992147 -6.23498992146 -2.2230475183 -6.23498992147 6.23498992146 -2.2230475183 6.23498992146 6.23498992146 -2.2230475183 6.23498992146 -6.23498992146 -2.2230475183 6.23498992146 6.23498992146 2.2230475183 6.23498992146 6.23498992146
-> CNT_IK_ARM_POLE_1_L cube
 3 8 2 0 3 13 -2.0 -1.0 0.0 1.0 2.0 3.0 4.0 5.0 6.0 7.0 8.0 9.0 10.0 11 2.34031684576 1.43303076708e-16 -2.34031684576 3.11703916343e-14 2.0266115461e-16 -3.30970782351 -2.34031684576 1.43303076708e-16 -2.34031684576 -3.30970782351 5.87261324241e-32 -9.59070524906e-16 -2.34031684576 -1.43303076708e-16 2.34031684576 3.05507101628e-14 -2.0266115461e-16 3.30970782351 2.34031684576 -1.43303076708e-16 2.34031684576 3.30970782351 -1.08849701479e-31 1.77765052838e-15 2.34031684576 1.43303076708e-16 -2.34031684576 3.11703916343e-14 2.0266115461e-16 -3.30970782351 -2.34031684576 1.43303076708e-16 -2.34031684576
 3 8 2 0 3 13 -2.0 -1.0 0.0 1.0 2.0 3.0 4.0 5.0 6.0 7.0 8.0 9.0 10.0 11 3.19243413754e-14 2.34031684576 -2.34031684576 3.13453285681e-14 -3.77598088356e-16 -3.30970782351 3.08850319166e-14 -2.34031684576 -2.34031684576 3.08130869566e-14 -3.30970782351 -9.59070524906e-16 3.117163807e-14 -2.34031684576 2.34031684576 3.17506508773e-14 -9.97279559877e-16 3.30970782351 3.22109475288e-14 2.34031684576 2.34031684576 3.22828924888e-14 3.30970782351 1.77765052838e-15 3.19243413754e-14 2.34031684576 -2.34031684576 3.13453285681e-14 -3.77598088356e-16 -3.30970782351 3.08850319166e-14 -2.34031684576 -2.34031684576
 3 8 2 0 3 13 -2.0 -1.0 0.0 1.0 2.0 3.0 4.0 5.0 6.0 7.0 8.0 9.0 10.0 11 -2.34031684576 2.34031684576 -8.96006382123e-16 -3.30970782351 -3.77598088356e-16 -5.32241611483e-16 -2.34031684576 -2.34031684576 1.43303076708e-16 3.05889191978e-14 -3.30970782351 7.34902766092e-16 2.34031684576 -2.34031684576 8.96006382123e-16 3.30970782351 -9.97279559877e-16 5.32241611483e-16 2.34031684576 2.34031684576 -1.43303076708e-16 3.33256402511e-14 3.30970782351 -7.34902766092e-16 -2.34031684576 2.34031684576 -8.96006382123e-16 -3.30970782351 -3.77598088356e-16 -5.32241611483e-16 -2.34031684576 -2.34031684576 1.43303076708e-16
-> CNT_IK_ARM_POLE_1_R cube
 3 8 2 0 3 13 -2.0 -1.0 0.0 1.0 2.0 3.0 4.0 5.0 6.0 7.0 8.0 9.0 10.0 11 2.34031684576 1.43303076708e-16 -2.34031684576 -3.77598088356e-16 2.0266115461e-16 -3.30970782351 -2.34031684576 1.43303076708e-16 -2.34031684576 -3.30970782351 5.87261324241e-32 -9.59070524906e-16 -2.34031684576 -1.43303076708e-16 2.34031684576 -9.97279559877e-16 -2.0266115461e-16 3.30970782351 2.34031684576 -1.43303076708e-16 2.34031684576 3.30970782351 -1.08849701479e-31 1.77765052838e-15 2.34031684576 1.43303076708e-16 -2.34031684576 -3.77598088356e-16 2.0266115461e-16 -3.30970782351 -2.34031684576 1.43303076708e-16 -2.34031684576
 3 8 2 0 3 13 -2.0 -1.0 0.0 1.0 2.0 3.0 4.0 5.0 6.0 7.0 8.0 9.0 10.0 11 3.76351652709e-16 2.34031684576 -2.34031684576 -2.0266115461e-16 -3.77598088356e-16 -3.30970782351 -6.62957806125e-16 -2.34031684576 -2.34031684576 -7.34902766092e-16 -3.30970782351 -9.59070524906e-16 -3.76351652709e-16 -2.34031684576 2.34031684576 2.0266115461e-16 -9.97279559877e-16 3.30970782351 6.62957806125e-16 2.34031684576 2.34031684576 7.34902766092e-16 3.30970782351 1.77765052838e-15 3.76351652709e-16 2.34031684576 -2.34031684576 -2.0266115461e-16 -3.77598088356e-16 -3.30970782351 -6.62957806125e-16 -2.34031684576 -2.34031684576
 3 8 2 0 3 13 -2.0 -1.0 0.0 1.0 2.0 3.0 4.0 5.0 6.0 7.0 8.0 9.0 10.0 11 -2.34031684576 2.34031684576 -8.96006382123e-16 -3.30970782351 -3.77598088356e-16 -5.32241611483e-16 -2.34031684576 -2.34031684576 1.43303076708e-16 -9.59070524906e-16 -3.30970782351 7.34902766092e-16 2.34031684576 -2.34031684576 8.96006382123e-16 3.30970782351 -9.97279559877e-16 5.32241611483e-16 2.34031684576 2.34031684576 -1.43303076708e-16 1.77765052838e-15 3.30970782351 -7.34902766092e-16 -2.34031684576 2.34031684576 -8.96006382123e-16 -3.30970782351 -3.77598088356e-16 -5.32241611483e-16 -2.34031684576 -2.34031684576 1.43303076708e-16
-> CNT_IK_ARM_TOP_1_L circle
 3 8 0 0 3 13 -2.0 -1.0 0.0 1.0 2.0 3.0 4.0 5.0 6.0 7.0 8.0 9.0 10.0 11 -2.1747737558e-16 3.5517923764 -3.5517923764 -3.07559454054e-16 0.0 -5.02299294943 -2.1747737558e-16 -3.5517923764 -3.5517923764 -9.58625934444e-32 -5.02299294943 0.0 2.1747737558e-16 -3.5517923764 3.5517923764 3.07559454054e-16 0.0 5.02299294943 2.1747737558e-16 3.5517923764 3.5517923764 1.65190160772e-31 5.02299294943 5.3290705182e-15 -2.1747737558e-16 3.5517923764 -3.5517923764 -3.07559454054e-16 0.0 -5.02299294943 -2.1747737558e-16 -3.5517923764 -3.5517923764
-> CNT_IK_ARM_TOP_1_R circle
 3 8 0 0 3 13 -2.0 -1.0 0.0 1.0 2.0 3.0 4.0 5.0 6.0 7.0 8.0 9.0 10.0 11 -2.1747737558e-16 3.5517923764 -3.5517923764 -3.07559454054e-16 0.0 -5.02299294943 -2.1747737558e-16 -3.5517923764 -3.5517923764 -9.58625934444e-32 -5.02299294943 0.0 2.1747737558e-16 -3.5517923764 3.5517923764 3.07559454054e-16 0.0 5.02299294943 2.1747737558e-16 3.5517923764 3.5517923764 1.65190160772e-31 5.02299294943 5.3290705182e-15 -2.1747737558e-16 3.5517923764 -3.5517923764 -3.07559454054e-16 0.0 -5.02299294943 -2.1747737558e-16 -3.5517923764 -3.5517923764
-> CNT_IK_LEG_BTM_1_L circle
 1 15 0 0 3 16 0.0 1.0 2.0 3.0 4.0 5.0 6.0 7.0 8.0 9.0 10.0 11.0 12.0 13.0 14.0 15.0 16 28.6236714557 -9.32781220948 2.96183678619 28.6027943927 9.27755577334 2.93168413947 -6.13306836607 9.29856476526 -20.2898924949 -6.11219130305 -9.30680321757 -20.2597398482 28.6236714557 -9.32781220948 2.96183678619 26.4998990432 -9.32503890563 6.12785671788 -8.23596371558 -9.30402991371 -17.0937199165 -6.11219130305 -9.30680321757 -20.2597398482 -6.13306836607 9.29856476526 -20.2898924949 -8.25684077861 9.30133806912 -17.1238725633 -8.23596371558 -9.30402991371 -17.0937199165 26.4998990432 -9.32503890563 6.12785671788 26.4790219802 9.2803290772 6.09770407116 -8.25684077861 9.30133806912 -17.1238725633 26.4790219802 9.2803290772 6.09770407116 28.6027943927 9.27755577334 2.93168413947
-> CNT_IK_LEG_BTM_1_R circle
 1 15 0 0 3 16 0.0 1.0 2.0 3.0 4.0 5.0 6.0 7.0 8.0 9.0 10.0 11.0 12.0 13.0 14.0 15.0 16 6.11219130402 -9.30680321756 -20.2597398471 6.13306836703 9.29856476526 -20.2898924938 -28.6027943947 9.27755577335 2.93168413622 -28.6236714577 -9.32781220947 2.96183678291 6.11219130402 -9.30680321756 -20.2597398471 8.23596372122 -9.30402991371 -17.0937199185 -26.4998990405 -9.32503890562 6.12785671149 -28.6236714577 -9.32781220947 2.96183678291 -28.6027943947 9.27755577335 2.93168413622 -26.4790219775 9.28032907721 6.09770406479 -26.4998990405 -9.32503890562 6.12785671149 8.23596372122 -9.30402991371 -17.0937199185 8.25684078423 9.30133806912 -17.1238725652 -26.4790219775 9.28032907721 6.09770406479 8.25684078423 9.30133806912 -17.1238725652 6.13306836703 9.29856476526 -20.2898924938
-> CNT_IK_LEG_POLE_1_L cube
 3 8 2 0 3 13 -2.0 -1.0 0.0 1.0 2.0 3.0 4.0 5.0 6.0 7.0 8.0 9.0 10.0 11 2.34031684576 1.43303076708e-16 -2.34031684576 -3.77598088356e-16 2.0266115461e-16 -3.30970782351 -2.34031684576 1.43303076708e-16 -2.34031684576 -3.30970782351 5.87261324241e-32 -7.88521772417e-16 -2.34031684576 -1.43303076708e-16 2.34031684576 -9.97279559877e-16 -2.0266115461e-16 3.30970782351 2.34031684576 -1.43303076708e-16 2.34031684576 3.30970782351 -1.08849701479e-31 1.94819928086e-15 2.34031684576 1.43303076708e-16 -2.34031684576 -3.77598088356e-16 2.0266115461e-16 -3.30970782351 -2.34031684576 1.43303076708e-16 -2.34031684576
 3 8 2 0 3 13 -2.0 -1.0 0.0 1.0 2.0 3.0 4.0 5.0 6.0 7.0 8.0 9.0 10.0 11 3.76351652709e-16 2.34031684576 -2.34031684576 -2.0266115461e-16 -3.77598088356e-16 -3.30970782351 -6.62957806125e-16 -2.34031684576 -2.34031684576 -7.34902766092e-16 -3.30970782351 -7.88521772417e-16 -3.76351652709e-16 -2.34031684576 2.34031684576 2.0266115461e-16 -9.97279559877e-16 3.30970782351 6.62957806125e-16 2.34031684576 2.34031684576 7.34902766092e-16 3.30970782351 1.94819928086e-15 3.76351652709e-16 2.34031684576 -2.34031684576 -2.0266115461e-16 -3.77598088356e-16 -3.30970782351 -6.62957806125e-16 -2.34031684576 -2.34031684576
 3 8 2 0 3 13 -2.0 -1.0 0.0 1.0 2.0 3.0 4.0 5.0 6.0 7.0 8.0 9.0 10.0 11 -2.34031684576 2.34031684576 -7.25457629634e-16 -3.30970782351 -3.77598088356e-16 -3.61692858994e-16 -2.34031684576 -2.34031684576 3.13851829197e-16 -9.59070524906e-16 -3.30970782351 9.05451518581e-16 2.34031684576 -2.34031684576 1.06655513461e-15 3.30970782351 -9.97279559877e-16 7.02790363972e-16 2.34031684576 2.34031684576 2.72456757817e-17 1.77765052838e-15 3.30970782351 -5.64354013603e-16 -2.34031684576 2.34031684576 -7.25457629634e-16 -3.30970782351 -3.77598088356e-16 -3.61692858994e-16 -2.34031684576 -2.34031684576 3.13851829197e-16
-> CNT_IK_LEG_POLE_1_R cube
 3 8 2 0 3 13 -2.0 -1.0 0.0 1.0 2.0 3.0 4.0 5.0 6.0 7.0 8.0 9.0 10.0 11 2.34031684576 1.43303076708e-16 -2.34031684576 -3.77598088356e-16 2.0266115461e-16 -3.30970782351 -2.34031684576 1.43303076708e-16 -2.34031684576 -3.30970782351 5.87261324241e-32 -9.59070524906e-16 -2.34031684576 -1.43303076708e-16 2.34031684576 -9.97279559877e-16 -2.0266115461e-16 3.30970782351 2.34031684576 -1.43303076708e-16 2.34031684576 3.30970782351 -1.08849701479e-31 1.77765052838e-15 2.34031684576 1.43303076708e-16 -2.34031684576 -3.77598088356e-16 2.0266115461e-16 -3.30970782351 -2.34031684576 1.43303076708e-16 -2.34031684576
 3 8 2 0 3 13 -2.0 -1.0 0.0 1.0 2.0 3.0 4.0 5.0 6.0 7.0 8.0 9.0 10.0 11 3.76351652709e-16 2.34031684576 -2.34031684576 -2.0266115461e-16 -3.77598088356e-16 -3.30970782351 -6.62957806125e-16 -2.34031684576 -2.34031684576 -7.34902766092e-16 -3.30970782351 -9.59070524906e-16 -3.76351652709e-16 -2.34031684576 2.34031684576 2.0266115461e-16 -9.97279559877e-16 3.30970782351 6.62957806125e-16 2.34031684576 2.34031684576 7.34902766092e-16 3.30970782351 1.77765052838e-15 3.76351652709e-16 2.34031684576 -2.34031684576 -2.0266115461e-16 -3.77598088356e-16 -3.30970782351 -6.62957806125e-16 -2.34031684576 -2.34031684576
 3 8 2 0 3 13 -2.0 -1.0 0.0 1.0 2.0 3.0 4.0 5.0 6.0 7.0 8.0 9.0 10.0 11 -2.34031684576 2.34031684576 -8.96006382123e-16 -3.30970782351 -3.77598088356e-16 -5.32241611483e-16 -2.34031684576 -2.34031684576 1.43303076708e-16 -9.59070524906e-16 -3.30970782351 7.34902766092e-16 2.34031684576 -2.34031684576 8.96006382123e-16 3.30970782351 -9.97279559877e-16 5.32241611483e-16 2.34031684576 2.34031684576 -1.43303076708e-16 1.77765052838e-15 3.30970782351 -7.34902766092e-16 -2.34031684576 2.34031684576 -8.96006382123e-16 -3.30970782351 -3.77598088356e-16 -5.32241611483e-16 -2.34031684576 -2.34031684576 1.43303076708e-16
-> CNT_IK_LEG_TOP_1_L circle
 3 8 0 0 3 13 -2.0 -1.0 0.0 1.0 2.0 3.0 4.0 5.0 6.0 7.0 8.0 9.0 10.0 11 0.12788185 3.55147721504 -3.54749790087 0.168487359601 -0.000415232535335 -5.01733487644 0.110395259036 -3.55206444252 -3.54808512835 -0.0123648870507 -5.0229624765 -0.000415232535339 -0.12788185 -3.55147721504 3.54749790087 -0.168487359601 0.000415232535342 5.01733487644 -0.110395259036 3.55206444252 3.54808512835 0.0123648870507 5.0229624765 0.000415232535343 0.12788185 3.55147721504 -3.54749790087 0.168487359601 -0.000415232535335 -5.01733487644 0.110395259036 -3.55206444252 -3.54808512835
-> CNT_IK_LEG_TOP_1_R circle
 3 8 0 0 3 13 -2.0 -1.0 0.0 1.0 2.0 3.0 4.0 5.0 6.0 7.0 8.0 9.0 10.0 11 -0.127881849091 3.55147721504 -3.54749790094 -0.168487358314 -0.000415232532162 -5.01733487652 -0.110395258126 -3.55206444252 -3.54808512841 0.0123648870508 -5.0229624765 -0.000415232532165 0.127881849091 -3.55147721504 3.54749790094 0.168487358314 0.000415232532159 5.01733487652 0.110395258126 3.55206444252 3.54808512841 -0.0123648870508 5.0229624765 0.00041523253217 -0.127881849091 3.55147721504 -3.54749790094 -0.168487358314 -0.000415232532162 -5.01733487652 -0.110395258126 -3.55206444252 -3.54808512841
-> CNT_LEG_BTM_1_L circle
3 8 0 0 3 13 -2.0 -1.0 0.0 1.0 2.0 3.0 4.0 5.0 6.0 7.0 8.0 9.0 10.0 11 0.591965396066 3.62462292633e-17 -0.591965396066 0.0 5.1259909009e-17 -0.837165491572 -0.591965396066 3.62462292633e-17 -0.591965396066 -0.837165491572 1.59770989074e-32 0.0 -0.591965396066 -3.62462292633e-17 0.591965396066 0.0 -5.1259909009e-17 0.837165491572 0.591965396066 -3.62462292633e-17 0.591965396066 0.837165491572 -2.7531693462e-32 8.881784197e-16 0.591965396066 3.62462292633e-17 -0.591965396066 0.0 5.1259909009e-17 -0.837165491572 -0.591965396066 3.62462292633e-17 -0.591965396066
-> CNT_ROOTMOVE_1_1 square_point
 1 5 0 0 3 6 0.0 1.0 2.0 3.0 4.0 5.0 6 -14.303362614 -14.303362614 0.0 -14.303362614 14.303362614 0.0 14.303362614 14.303362614 0.0 14.303362614 -14.303362614 0.0 0.0 -21.4550439211 0.0 -14.303362614 -14.303362614 0.0
-> CNT_SPINE_1_C circle
 3 8 0 0 3 13 -2.0 -1.0 0.0 1.0 2.0 3.0 4.0 5.0 6.0 7.0 8.0 9.0 10.0 11 -1.28021006358 16.2112150648 -21.2775569407 0.210995436678 0.000915475248822 -30.0910095998 -1.30283157117e-15 -15.649854142 -21.2775569407 0.0 -21.3087089357 1.75447088809e-17 1.30283157117e-15 -15.649854142 21.2775569407 0.210995436678 0.000915475248822 30.0910095998 -1.14017950748 15.1077001378 21.2775569407 -2.9526253963 20.3088036614 3.19494467262e-14 -1.14017950748 15.1077001378 -21.2775569407 0.210995436678 0.000915475248822 -30.0910095998 -1.30283157117e-15 -16.8144965122 -21.2775569407
-> CNT_SPINE_2_C circle
 3 8 0 0 3 13 -2.0 -1.0 0.0 1.0 2.0 3.0 4.0 5.0 6.0 7.0 8.0 9.0 10.0 11 4.5345051133e-14 14.1633244387 -14.1633244387 4.49858348366e-14 -1.5604065989e-16 -20.0299655095 4.5345051133e-14 -14.1633244387 -14.1633244387 4.62122759881e-14 -20.0299655095 -5.59720010006e-17 4.7079500843e-14 -14.1633244387 14.1633244387 4.74387171396e-14 -1.5604065989e-16 20.0299655095 4.7079500843e-14 14.1633244387 14.1633244387 4.62122759881e-14 20.0299655095 2.1194525412e-14 4.5345051133e-14 14.1633244387 -14.1633244387 4.49858348366e-14 -1.5604065989e-16 -20.0299655095 4.5345051133e-14 -14.1633244387 -14.1633244387
-> CNT_SPINE_3_C circle
 3 8 0 0 3 13 -2.0 -1.0 0.0 1.0 2.0 3.0 4.0 5.0 6.0 7.0 8.0 9.0 10.0 11 -9.50740862716e-16 15.5272893979 -15.5272893979 -1.34455062235e-15 0.0 -21.9589032534 -9.50740862716e-16 -15.5272893979 -15.5272893979 -4.19080304563e-31 -21.9589032534 8.31182578023e-32 9.50740862716e-16 -15.5272893979 15.5272893979 1.34455062235e-15 0.0 21.9589032534 9.50740862716e-16 15.5272893979 15.5272893979 7.22158043087e-31 21.9589032534 2.32969755518e-14 -9.50740862716e-16 15.5272893979 -15.5272893979 -1.34455062235e-15 0.0 -21.9589032534 -9.50740862716e-16 -15.5272893979 -15.5272893979
-> CNT_SUB_COG_1_C square_point
1 5 0 0 3 6 0.0 1.0 2.0 3.0 4.0 5.0 6 1.42108547152e-14 -24.2351110431 -23.2110922666 2.13162820728e-15 22.1870734901 -23.2110922666 2.13162820728e-15 22.1870734901 23.2110922666 1.42108547152e-14 -24.2351110431 23.2110922666 1.42108547152e-14 -35.8406571764 -7.92517744269e-17 1.42108547152e-14 -24.2351110431 -23.2110922666
-> CNT_SUB_COG_C outwardCirclePointer
3 88 0 0 3 93 0.0 0.0 0.0 1.0 2.0 3.0 4.0 5.0 6.0 7.0 8.0 9.0 10.0 11.0 12.0 13.0 14.0 15.0 16.0 17.0 18.0 19.0 20.0 21.0 22.0 23.0 24.0 25.0 26.0 27.0 28.0 29.0 30.0 31.0 32.0 33.0 34.0 35.0 36.0 37.0 38.0 39.0 40.0 41.0 42.0 43.0 44.0 45.0 46.0 47.0 48.0 49.0 50.0 51.0 52.0 53.0 54.0 55.0 56.0 57.0 58.0 59.0 60.0 61.0 62.0 63.0 64.0 65.0 66.0 67.0 68.0 69.0 70.0 71.0 72.0 73.0 74.0 75.0 76.0 77.0 78.0 79.0 80.0 81.0 82.0 83.0 84.0 85.0 86.0 87.0 88.0 88.0 88.0 91 -0.256940105858 6.8176713474e-13 -71.5309800319 -0.256940105858 -22.0985721442 -48.2516653253 -0.256940105858 -22.0985721442 -48.2516653253 -0.256940105858 -22.0985721442 -48.2516653253 -0.256940105858 -11.0492683432 -48.2516653253 -0.256940105858 -11.0492683432 -48.2516653253 -0.256940105858 -11.0492683432 -48.2516653253 -0.256940105858 -11.0492683432 -39.6156503995 -0.256940105858 -11.0492683432 -39.6156503995 -0.256940105858 -11.0492683432 -39.6156503995 -0.256940105858 -21.3719013311 -37.1745981181 -0.256940105858 -37.3742606218 -21.3530378163 -0.256940105858 -39.8153129031 -11.0492683432 -0.256940105858 -39.7749265434 -11.2174443784 -0.256940105858 -39.7749265434 -11.2174443784 -0.256940105858 -48.2516653253 -11.0492683432 -0.256940105858 -48.2516653253 -11.0492683432 -0.256940105858 -48.2516653253 -11.1368489477 -0.256940105858 -48.2516653253 -22.0985721442 -0.256940105858 -48.2516653253 -22.0985721442 -0.256940105858 -48.2516653253 -22.0985721442 -0.256940105858 -71.5309800319 1.09082741558e-12 -0.256940105858 -71.5309800319 1.09082741558e-12 -0.256940105858 -71.5309800319 1.09082741558e-12 -0.256940105858 -48.2516653253 22.0985721442 -0.256940105858 -48.2516653253 22.0985721442 -0.256940105858 -48.2516653253 22.0985721442 -0.256940105858 -48.2516653253 11.0492683432 -0.256940105858 -48.2516653253 11.0492683432 -0.256940105858 -48.2516653253 11.0492683432 -0.256940105858 -39.5440966911 11.0492683432 -0.256940105858 -39.5440966911 11.0492683432 -0.256940105858 -39.5440966911 11.0492683432 -0.256940105858 -37.3175991618 21.5453251111 -0.256940105858 -21.5453251111 37.3175991618 -0.256940105858 -11.0492683432 39.7633673219 -0.256940105858 -10.8663773481 39.6973095623 -0.256940105858 -11.0492683432 39.5825683331 -0.256940105858 -11.0492683432 48.2516653253 -0.256940105858 -11.0492683432 48.2516653253 -0.256940105858 -11.0492683432 48.2516653253 -0.256940105858 -22.0985721442 48.2516653253 -0.256940105858 -22.0985721442 48.2516653253 -0.256940105858 -22.0985721442 48.2516653253 -0.256940105858 6.8176713474e-13 71.5309800319 -0.256940105858 6.8176713474e-13 71.5309800319 -0.256940105858 6.8176713474e-13 71.5309800319 -0.256940105858 22.0985721442 48.2516653253 -0.256940105858 22.0985721442 48.2516653253 -0.256940105858 22.0985721442 48.2516653253 -0.256940105858 11.0492683432 48.2516653253 -0.256940105858 11.0492683432 48.2516653253 -0.256940105858 11.0492683432 48.2516653253 -0.256940105858 11.0492683432 39.4921511099 -0.256940105858 11.0492683432 39.4921511099 -0.256940105858 11.0492683432 39.4921511099 -0.256940105858 21.5453251111 37.3175991618 -0.256940105858 37.3175991618 21.5453251111 -0.256940105858 39.6364995475 11.0862153027 -0.256940105858 39.6363931743 11.0867471687 -0.256940105858 39.6363931743 11.0867471687 -0.256940105858 48.2516653253 11.0492683432 -0.256940105858 48.2516653253 11.0492683432 -0.256940105858 48.2516653253 11.0492683432 -0.256940105858 48.2516653253 22.0985721442 -0.256940105858 48.2516653253 22.0985721442 -0.256940105858 48.2516653253 22.0985721442 -0.256940105858 71.5309800319 1.09082741558e-12 -0.256940105858 71.5309800319 1.09082741558e-12 -0.256940105858 71.5309800319 1.09082741558e-12 -0.256940105858 48.2516653253 -22.0985721442 -0.256940105858 48.2516653253 -22.0985721442 -0.256940105858 48.2516653253 -22.0985721442 -0.256940105858 48.2516653253 -11.0492683432 -0.256940105858 48.2516653253 -11.0492683432 -0.256940105858 48.2516653253 -11.0492683432 -0.256940105858 39.6602207719 -11.0011167396 -0.256940105858 39.6602207719 -11.0011167396 -0.256940105858 39.6602207719 -11.0011167396 -0.256940105858 37.3175991618 -21.5453251111 -0.256940105858 21.5453251111 -37.3175991618 -0.256940105858 11.2695672483 -39.5848021704 -0.256940105858 11.2695672483 -39.5848021704 -0.256940105858 11.2695672483 -39.5848021704 -0.256940105858 11.2496400015 -48.2516653253 -0.256940105858 11.2499236633 -48.1308253658 -0.256940105858 11.2499236633 -48.1308253658 -0.256940105858 21.9286232222 -48.2516653253 -0.256940105858 21.9286232222 -48.2516653253 -0.256940105858 21.9286232222 -48.2516653253 -0.256940105858 0.0300472034274 -71.4993162749
-> CNT_SUB_GROUND_1 outwardCirclePointer
3 88 0 0 3 93 0.0 0.0 0.0 1.0 2.0 3.0 4.0 5.0 6.0 7.0 8.0 9.0 10.0 11.0 12.0 13.0 14.0 15.0 16.0 17.0 18.0 19.0 20.0 21.0 22.0 23.0 24.0 25.0 26.0 27.0 28.0 29.0 30.0 31.0 32.0 33.0 34.0 35.0 36.0 37.0 38.0 39.0 40.0 41.0 42.0 43.0 44.0 45.0 46.0 47.0 48.0 49.0 50.0 51.0 52.0 53.0 54.0 55.0 56.0 57.0 58.0 59.0 60.0 61.0 62.0 63.0 64.0 65.0 66.0 67.0 68.0 69.0 70.0 71.0 72.0 73.0 74.0 75.0 76.0 77.0 78.0 79.0 80.0 81.0 82.0 83.0 84.0 85.0 86.0 87.0 88.0 88.0 88.0 91 9.05941988094e-13 95.0513965228 0.401677309832 -29.3649009496 64.1175078501 0.401677309832 -29.3649009496 64.1175078501 0.401677309832 -29.3649009496 64.1175078501 0.401677309832 -14.6824269163 64.1175078501 0.401677309832 -14.6824269163 64.1175078501 0.401677309832 -14.6824269163 64.1175078501 0.401677309832 -14.6824269163 52.6418468328 0.401677309832 -14.6824269163 52.6418468328 0.401677309832 -14.6824269163 52.6418468328 0.401677309832 -28.3992903069 49.3981414029 0.401677309832 -49.6634558134 28.3742241968 0.401677309832 -52.9071612432 14.6824269163 0.401677309832 -52.8534952667 14.9059016543 0.401677309832 -52.8534952667 14.9059016543 0.401677309832 -64.1175078501 14.6824269163 0.401677309832 -64.1175078501 14.6824269163 0.401677309832 -64.1175078501 14.798805285 0.401677309832 -64.1175078501 29.3649009496 0.401677309832 -64.1175078501 29.3649009496 0.401677309832 -64.1175078501 29.3649009496 0.401677309832 -95.0513965228 -1.44950718095e-12 0.401677309832 -95.0513965228 -1.44950718095e-12 0.401677309832 -95.0513965228 -1.44950718095e-12 0.401677309832 -64.1175078501 -29.3649009496 0.401677309832 -64.1175078501 -29.3649009496 0.401677309832 -64.1175078501 -29.3649009496 0.401677309832 -64.1175078501 -14.6824269165 0.401677309832 -64.1175078501 -14.6824269165 0.401677309832 -64.1175078501 -14.6824269165 0.401677309832 -52.5467652344 -14.6824269165 0.401677309832 -52.5467652344 -14.6824269165 0.401677309832 -52.5467652344 -14.6824269165 0.401677309832 -49.5881632494 -28.6297383236 0.401677309832 -28.6297383236 -49.5881632494 0.401677309832 -14.6824269163 -52.8381352068 0.401677309832 -14.439398728 -52.7503567044 0.401677309832 -14.6824269163 -52.5978869064 0.401677309832 -14.6824269163 -64.1175078501 0.401677309832 -14.6824269163 -64.1175078501 0.401677309832 -14.6824269163 -64.1175078501 0.401677309832 -29.3649009496 -64.1175078501 0.401677309832 -29.3649009496 -64.1175078501 0.401677309832 -29.3649009496 -64.1175078501 0.401677309832 9.05941988094e-13 -95.0513965228 0.401677309832 9.05941988094e-13 -95.0513965228 0.401677309832 9.05941988094e-13 -95.0513965228 0.401677309832 29.3649009496 -64.1175078501 0.401677309832 29.3649009496 -64.1175078501 0.401677309832 29.3649009496 -64.1175078501 0.401677309832 14.6824269165 -64.1175078501 0.401677309832 14.6824269165 -64.1175078501 0.401677309832 14.6824269165 -64.1175078501 0.401677309832 14.6824269165 -52.4777391979 0.401677309832 14.6824269165 -52.4777391979 0.401677309832 14.6824269165 -52.4777391979 0.401677309832 28.6297383236 -49.5881632494 0.401677309832 49.5881632494 -28.6297383236 0.401677309832 52.6695514808 -14.7315225683 0.401677309832 52.6694101306 -14.7322293195 0.401677309832 52.6694101306 -14.7322293195 0.401677309832 64.1175078501 -14.6824269165 0.401677309832 64.1175078501 -14.6824269165 0.401677309832 64.1175078501 -14.6824269165 0.401677309832 64.1175078501 -29.3649009496 0.401677309832 64.1175078501 -29.3649009496 0.401677309832 64.1175078501 -29.3649009496 0.401677309832 95.0513965228 -1.44950718095e-12 0.401677309832 95.0513965228 -1.44950718095e-12 0.401677309832 95.0513965228 -1.44950718095e-12 0.401677309832 64.1175078501 29.3649009496 0.401677309832 64.1175078501 29.3649009496 0.401677309832 64.1175078501 29.3649009496 0.401677309832 64.1175078501 14.6824269163 0.401677309832 64.1175078501 14.6824269163 0.401677309832 64.1175078501 14.6824269163 0.401677309832 52.7010725855 14.618442372 0.401677309832 52.7010725855 14.618442372 0.401677309832 52.7010725855 14.618442372 0.401677309832 49.5881632494 28.6297383236 0.401677309832 28.6297383236 49.5881632494 0.401677309832 14.9751632744 52.6008552616 0.401677309832 14.9751632744 52.6008552616 0.401677309832 14.9751632744 52.6008552616 0.401677309832 14.9486836619 64.1175078501 0.401677309832 14.9490605958 63.9569339715 0.401677309832 14.9490605958 63.9569339715 0.401677309832 29.1390703743 64.1175078501 0.401677309832 29.1390703743 64.1175078501 0.401677309832 29.1390703743 64.1175078501 0.401677309832 0.0399271566824 95.0093212665 0.401677309832
-> CNT_SUB_GROUND_2 outwardCirclePointer
3 88 0 0 3 93 0.0 0.0 0.0 1.0 2.0 3.0 4.0 5.0 6.0 7.0 8.0 9.0 10.0 11.0 12.0 13.0 14.0 15.0 16.0 17.0 18.0 19.0 20.0 21.0 22.0 23.0 24.0 25.0 26.0 27.0 28.0 29.0 30.0 31.0 32.0 33.0 34.0 35.0 36.0 37.0 38.0 39.0 40.0 41.0 42.0 43.0 44.0 45.0 46.0 47.0 48.0 49.0 50.0 51.0 52.0 53.0 54.0 55.0 56.0 57.0 58.0 59.0 60.0 61.0 62.0 63.0 64.0 65.0 66.0 67.0 68.0 69.0 70.0 71.0 72.0 73.0 74.0 75.0 76.0 77.0 78.0 79.0 80.0 81.0 82.0 83.0 84.0 85.0 86.0 87.0 88.0 88.0 88.0 91 7.9936057773e-13 83.8688792848 0.401677309832 -25.9102067202 56.5742716324 0.401677309832 -25.9102067202 56.5742716324 0.401677309832 -25.9102067202 56.5742716324 0.401677309832 -12.9550825732 56.5742716324 0.401677309832 -12.9550825732 56.5742716324 0.401677309832 -12.9550825732 56.5742716324 0.401677309832 -12.9550825732 46.4486883818 0.401677309832 -12.9550825732 46.4486883818 0.401677309832 -12.9550825732 46.4486883818 0.401677309832 -25.0581973297 43.5865953555 0.401677309832 -43.820696306 25.0360801736 0.401677309832 -46.6827893322 12.9550825732 0.401677309832 -46.6354370001 13.1522661655 0.401677309832 -46.6354370001 13.1522661655 0.401677309832 -56.5742716324 12.9550825732 0.401677309832 -56.5742716324 12.9550825732 0.401677309832 -56.5742716324 13.0577693692 0.401677309832 -56.5742716324 25.9102067202 0.401677309832 -56.5742716324 25.9102067202 0.401677309832 -56.5742716324 25.9102067202 0.401677309832 -83.8688792848 -1.27897692437e-12 0.401677309832 -83.8688792848 -1.27897692437e-12 0.401677309832 -83.8688792848 -1.27897692437e-12 0.401677309832 -56.5742716324 -25.9102067202 0.401677309832 -56.5742716324 -25.9102067202 0.401677309832 -56.5742716324 -25.9102067202 0.401677309832 -56.5742716324 -12.9550825733 0.401677309832 -56.5742716324 -12.9550825733 0.401677309832 -56.5742716324 -12.9550825733 0.401677309832 -46.3647928539 -12.9550825733 0.401677309832 -46.3647928539 -12.9550825733 0.401677309832 -46.3647928539 -12.9550825733 0.401677309832 -43.7542616906 -25.2615338149 0.401677309832 -25.2615338149 -43.7542616906 0.401677309832 -12.9550825732 -46.621884006 0.401677309832 -12.7406459364 -46.5444323862 0.401677309832 -12.9550825732 -46.4099002115 0.401677309832 -12.9550825732 -56.5742716324 0.401677309832 -12.9550825732 -56.5742716324 0.401677309832 -12.9550825732 -56.5742716324 0.401677309832 -25.9102067202 -56.5742716324 0.401677309832 -25.9102067202 -56.5742716324 0.401677309832 -25.9102067202 -56.5742716324 0.401677309832 7.9936057773e-13 -83.8688792848 0.401677309832 7.9936057773e-13 -83.8688792848 0.401677309832 7.9936057773e-13 -83.8688792848 0.401677309832 25.9102067202 -56.5742716324 0.401677309832 25.9102067202 -56.5742716324 0.401677309832 25.9102067202 -56.5742716324 0.401677309832 12.9550825733 -56.5742716324 0.401677309832 12.9550825733 -56.5742716324 0.401677309832 12.9550825733 -56.5742716324 0.401677309832 12.9550825733 -46.3038875275 0.401677309832 12.9550825733 -46.3038875275 0.401677309832 12.9550825733 -46.3038875275 0.401677309832 25.2615338149 -43.7542616906 0.401677309832 43.7542616906 -25.2615338149 0.401677309832 46.4731336596 -12.9984022661 0.401677309832 46.4730089387 -12.9990258701 0.401677309832 46.4730089387 -12.9990258701 0.401677309832 56.5742716324 -12.9550825733 0.401677309832 56.5742716324 -12.9550825733 0.401677309832 56.5742716324 -12.9550825733 0.401677309832 56.5742716324 -25.9102067202 0.401677309832 56.5742716324 -25.9102067202 0.401677309832 56.5742716324 -25.9102067202 0.401677309832 83.8688792848 -1.27897692437e-12 0.401677309832 83.8688792848 -1.27897692437e-12 0.401677309832 83.8688792848 -1.27897692437e-12 0.401677309832 56.5742716324 25.9102067202 0.401677309832 56.5742716324 25.9102067202 0.401677309832 56.5742716324 25.9102067202 0.401677309832 56.5742716324 12.9550825732 0.401677309832 56.5742716324 12.9550825732 0.401677309832 56.5742716324 12.9550825732 0.401677309832 46.500946399 12.8986256224 0.401677309832 46.500946399 12.8986256224 0.401677309832 46.500946399 12.8986256224 0.401677309832 43.7542616906 25.2615338149 0.401677309832 25.2615338149 43.7542616906 0.401677309832 13.2133793598 46.4125193484 0.401677309832 13.2133793598 46.4125193484 0.401677309832 13.2133793598 46.4125193484 0.401677309832 13.1900149958 56.5742716324 0.401677309832 13.1903475845 56.4325887983 0.401677309832 13.1903475845 56.4325887983 0.401677309832 25.7109444479 56.5742716324 0.401677309832 25.7109444479 56.5742716324 0.401677309832 25.7109444479 56.5742716324 0.401677309832 0.0352298441316 83.8317540587 0.401677309832
-> CNT_SUB_HIPS_1_C circle
3 8 0 0 3 13 -2.0 -1.0 0.0 1.0 2.0 3.0 4.0 5.0 6.0 7.0 8.0 9.0 10.0 11 0.0 24.866160587 -24.866160587 0.0 -2.6645352591e-16 -35.1660615463 0.0 -24.866160587 -24.866160587 0.0 -35.1660615463 -7.92517744269e-17 0.0 -24.866160587 24.866160587 0.0 -2.6645352591e-16 35.1660615463 0.0 24.866160587 24.866160587 1.20792265079e-14 35.1660615463 3.72296641875e-14 0.0 24.866160587 -24.866160587 0.0 -2.6645352591e-16 -35.1660615463 0.0 -24.866160587 -24.866160587
-> CNT_SUB_HIPS_C circle
 3 8 0 0 3 13 -2.0 -1.0 0.0 1.0 2.0 3.0 4.0 5.0 6.0 7.0 8.0 9.0 10.0 11 0.118794400439 1.88680984318 -1.89428926741 -6.4930419739e-19 -1.02867333087e-17 -2.67892957303 -0.118794400439 -1.88680984318 -1.89428926741 -0.168000652235 -2.66835206985 -3.68170310003e-32 -0.118794400439 -1.88680984318 1.89428926741 6.4930419739e-19 1.02867333087e-17 2.67892957303 0.118794400439 1.88680984318 1.89428926741 0.168000652235 2.66835206985 2.84217094304e-15 0.118794400439 1.88680984318 -1.89428926741 -6.4930419739e-19 -1.02867333087e-17 -2.67892957303 -0.118794400439 -1.88680984318 -1.89428926741
-> CNT_SUB_ROOTMOVE_1_1 square_point
1 5 0 0 3 6 0.0 1.0 2.0 3.0 4.0 5.0 6 -12.1578582219 -12.69423432 0.0 -12.1578582219 11.6214821239 0.0 12.1578582219 11.6214821239 0.0 12.1578582219 -12.69423432 0.0 2.38198837555e-16 -18.7731634309 0.0 -12.1578582219 -12.69423432 0.0
-> CNT_SUB_ROOTMOVE_1_2 square_point
1 5 0 0 3 6 0.0 1.0 2.0 3.0 4.0 5.0 6 -10.7275219605 -11.6214821239 0.0 -10.7275219605 9.83356179716 0.0 10.7275219605 9.83356179716 0.0 10.7275219605 -11.6214821239 0.0 3.96998062592e-16 -16.9852431042 0.0 -10.7275219605 -11.6214821239 0.0
-> CNT_SUB_SPINE_1_C circle
 1 4 0 0 3 5 0.0 1.0 2.0 3.0 4.0 5 1.21047289712e-14 -20.5413102159 4.29172730027 -2.35143460393 -20.5413102159 4.32457452845e-13 1.21047289712e-14 -20.5413102159 -4.29172730027 2.35143460393 -20.5413102159 4.32457452845e-13 1.21047289712e-14 -20.5413102159 4.29172730027
-> CNT_SUB_SPINE_2_C circle
 1 4 0 0 3 5 0.0 1.0 2.0 3.0 4.0 5 5.27842106607e-31 -19.5287603219 4.41651123693 -2.41980364188 -19.5287603219 4.45029525763e-13 5.27842106607e-31 -19.5287603219 -4.41651123693 2.41980364188 -19.5287603219 4.45029525763e-13 5.27842106607e-31 -19.5287603219 4.41651123693
-> CNT_SUB_SPINE_3_C circle
 1 4 0 0 3 5 0.0 1.0 2.0 3.0 4.0 5 1.0006340068e-14 -20.5413102159 4.29172730027 -2.35143460393 -20.5413102159 4.3257372777e-13 1.0006340068e-14 -20.5413102159 -4.29172730027 2.35143460393 -20.5413102159 4.3257372777e-13 1.0006340068e-14 -20.5413102159 4.29172730027
-> GEAR_1 gear
3 97 0 0 3 102 0.0 0.0 0.0 0.0279841174983 0.0279841174983 0.0279841174983 0.0468856389811 0.0468856389811 0.0468856389811 0.0781143570669 0.0781143570669 0.0781143570669 0.0970158786806 0.0970158786806 0.0970158786806 0.152984114137 0.152984114137 0.152984114137 0.171885635775 0.171885635775 0.171885635775 0.203114354117 0.203114354117 0.203114354117 0.222015875886 0.222015875886 0.222015875886 0.277984111801 0.277984111801 0.277984111801 0.296885633594 0.296885633594 0.296885633594 0.328114352193 0.328114352193 0.328114352193 0.347015874117 0.347015874117 0.347015874117 0.402984110492 0.402984110492 0.402984110492 0.42188563244 0.42188563244 0.42188563244 0.453114351295 0.453114351295 0.453114351295 0.472015873374 0.472015873374 0.472015873374 0.527984110208 0.527984110208 0.527984110208 0.546885632312 0.546885632312 0.546885632312 0.578114351423 0.578114351423 0.578114351423 0.597015873657 0.597015873657 0.597015873657 0.652984110951 0.652984110951 0.652984110951 0.67188563321 0.67188563321 0.67188563321 0.703114352577 0.703114352577 0.703114352577 0.722015874967 0.722015874967 0.722015874967 0.77798411272 0.77798411272 0.77798411272 0.796885635134 0.796885635134 0.796885635134 0.828114354758 0.828114354758 0.828114354758 0.847015877302 0.847015877302 0.847015877302 0.902984115515 0.902984115515 0.902984115515 0.921885638084 0.921885638084 0.921885638084 0.953114357964 0.953114357964 0.953114357964 0.972015880664 0.972015880664 0.972015880664 1.0 1.0 1.0 100 -1.22582779439e-16 194.199839278 -3.87911884772e-15 -1.45889786775e-16 194.199839278 0.380632315417 -1.69196794111e-16 194.236682595 0.761264630832 -1.22582779439e-16 194.307847509 1.13580897706 -1.22582779439e-16 193.868180591 1.4322268855 -1.22582779439e-16 193.428513673 1.72864479395 -2.46582107451e-16 192.988846755 2.02506270541 -2.8518721088e-16 193.162632137 2.65553188975 -3.22512490758e-16 193.415123503 3.26509996937 -1.22582779439e-16 193.738047718 3.83379383001 -1.22582779439e-16 194.258538291 3.73250148374 -1.22582779439e-16 194.779028863 3.63120913747 -3.38727844447e-16 195.299519436 3.52991679167 -3.77324307767e-16 195.728562742 4.16024487232 -4.1103095489e-16 196.271901564 4.71071619429 -1.22582779439e-16 196.905795895 5.13619325083 -1.22582779439e-16 196.804503549 5.65668382335 -1.22582779439e-16 196.703211203 6.17717439587 -2.46582107451e-16 196.601918859 6.69766497008 -2.8518721088e-16 197.170612717 7.02058918318 -3.22512490758e-16 197.780180797 7.27308054895 -1.22582779439e-16 198.410649984 7.44686593215 -1.22582779439e-16 198.707067892 7.0071990138 -1.22582779439e-16 199.003485801 6.56753209552 -3.38727844447e-16 199.29990371 6.12786517746 -3.77324307767e-16 200.048992401 6.27019500625 -4.1103095489e-16 200.822432971 6.27523844541 -1.22582779439e-16 201.571521663 6.12786517723 -1.22582779439e-16 201.867939572 6.56753209552 -1.22582779439e-16 202.16435748 7.0071990138 -2.46582107451e-16 202.460775392 7.44686593153 -2.8518721088e-16 203.091244576 7.27308054895 -3.22512490758e-16 203.700812656 7.02058918318 -1.22582779439e-16 204.269506516 6.6976649684 -1.22582779439e-16 204.16821417 6.17717439587 -1.22582779439e-16 204.066921824 5.65668382335 -3.38727844447e-16 203.965629478 5.13619325069 -3.77324307767e-16 204.595957559 4.70714994425 -4.1103095489e-16 205.146428881 4.16381112236 -1.22582779439e-16 205.571905937 3.52991679121 -1.22582779439e-16 206.09239651 3.63120913747 -1.22582779439e-16 206.612887082 3.73250148374 -2.46582107451e-16 207.133377656 3.83379382744 -2.8518721088e-16 207.45630187 3.26509996937 -3.22512490758e-16 207.708793235 2.65553188975 -1.22582779439e-16 207.882578619 2.02506270239 -1.22582779439e-16 207.4429117 1.72864479395 -1.22582779439e-16 207.003244782 1.4322268855 -3.38727844447e-16 206.563577864 1.13580897664 -3.77324307767e-16 206.705907693 0.386720285029 -4.1103095489e-16 206.710951132 -0.386720285029 -1.22582779439e-16 206.563577864 -1.13580897706 -1.22582779439e-16 207.003244782 -1.4322268855 -1.22582779439e-16 207.4429117 -1.72864479395 -2.46582107451e-16 207.882578618 -2.02506270541 -2.8518721088e-16 207.708793235 -2.65553188975 -3.22512490758e-16 207.45630187 -3.26509996937 -1.22582779439e-16 207.133377655 -3.83379383001 -1.22582779439e-16 206.612887082 -3.73250148374 -1.22582779439e-16 206.09239651 -3.63120913747 -3.38727844447e-16 205.571905937 -3.52991679167 -3.77324307767e-16 205.142862631 -4.16024487232 -4.1103095489e-16 204.599523809 -4.71071619429 -1.22582779439e-16 203.965629478 -5.13619325083 -1.22582779439e-16 204.066921824 -5.65668382335 -1.22582779439e-16 204.16821417 -6.17717439587 -2.46582107451e-16 204.269506514 -6.69766497008 -2.8518721088e-16 203.700812656 -7.02058918318 -3.22512490758e-16 203.091244576 -7.27308054895 -1.22582779439e-16 202.460775389 -7.44686593215 -1.22582779439e-16 202.16435748 -7.0071990138 -1.22582779439e-16 201.867939572 -6.56753209552 -3.38727844447e-16 201.571521663 -6.12786517746 -3.77324307767e-16 200.822432971 -6.27019500625 -4.1103095489e-16 200.048992401 -6.27523844541 -1.22582779439e-16 199.299903709 -6.12786517723 -1.22582779439e-16 199.003485801 -6.56753209552 -1.22582779439e-16 198.707067892 -7.0071990138 -2.46582107451e-16 198.410649981 -7.44686593153 -2.8518721088e-16 197.780180797 -7.27308054895 -3.22512490758e-16 197.170612717 -7.02058918318 -1.22582779439e-16 196.601918856 -6.6976649684 -1.22582779439e-16 196.703211203 -6.17717439587 -1.22582779439e-16 196.804503549 -5.65668382335 -3.38727844447e-16 196.905795895 -5.13619325069 -3.77324307767e-16 196.275467814 -4.70714994425 -4.1103095489e-16 195.724996492 -4.16381112236 -1.22582779439e-16 195.299519436 -3.52991679121 -1.22582779439e-16 194.779028863 -3.63120913747 -1.22582779439e-16 194.258538291 -3.73250148374 -2.46582107451e-16 193.738047716 -3.83379382744 -2.8518721088e-16 193.415123503 -3.26509996937 -3.22512490758e-16 193.162632137 -2.65553188975 -1.22582779439e-16 192.988846754 -2.02506270239 -1.22582779439e-16 193.428513673 -1.72864479395 -1.22582779439e-16 193.868180591 -1.4322268855 -3.38727844447e-16 194.307847509 -1.13580897664 -3.58026076107e-16 194.236682595 -0.761264630832 -3.76101853718e-16 194.199839278 -0.380632315417 -3.92582396654e-16 194.199839278 -5.88472870158e-15