-> CNT_CLAVICLE_1_L yaw
3 48 0 0 3 53 0.0 0.0 0.0 1.0 2.0 3.0 4.0 5.0 6.0 7.0 8.0 9.0 10.0 11.0 12.0 13.0 14.0 15.0 16.0 17.0 18.0 19.0 20.0 21.0 22.0 23.0 24.0 25.0 26.0 27.0 28.0 29.0 30.0 31.0 32.0 33.0 34.0 35.0 36.0 37.0 38.0 39.0 40.0 41.0 42.0 43.0 44.0 45.0 46.0 47.0 48.0 48.0 48.0 51 12.0017162712 -4.21101610327 7.18694081832 15.0065324002 -6.42619705137 6.33169147336 15.0065324002 -6.42619705137 6.33169147336 15.0065324002 -6.42619705137 6.33169147336 15.0065324002 -6.42619705137 6.33169147336 13.7278428255 -6.61534365168 6.25003552107 13.7278428255 -6.61534365168 6.25003552107 13.7278428255 -6.61534365168 6.25003552107 13.7777425547 -6.95656802143 6.17345686544 13.877933387 -7.64113062522 5.68436016738 14.0024627949 -8.49028522819 4.41798388882 14.0833636541 -9.03990594828 2.26198760555 14.1080233398 -9.20429253929 -0.235611901902 14.0727864692 -8.95909444855 -2.69464640193 13.9829186841 -8.34096488355 -4.73131353911 13.8523977847 -7.46458569396 -5.85274488312 13.750804333 -6.79655043725 -6.23742370771 13.7009046039 -6.4654949545 -6.26962057733 13.7009046039 -6.4654949545 -6.26962057733 13.7009046039 -6.4654949545 -6.26962057733 14.9812121261 -6.25532233433 -6.32905342706 14.9812121261 -6.25532233433 -6.32905342706 14.9812121261 -6.25532233433 -6.32905342706 11.9747282138 -4.20855448017 -7.00228041409 11.9747282138 -4.20855448017 -7.00228041409 11.9747282138 -4.20855448017 -7.00228041409 9.72696044862 -7.02059521445 -6.3216572967 9.72696044862 -7.02059521445 -6.3216572967 9.72696044862 -7.02059521445 -6.3216572967 9.72696044862 -7.02059521445 -6.3216572967 11.0439800814 -6.85435696463 -6.25945079036 11.0439800814 -6.85435696463 -6.25945079036 11.0439800814 -6.85435696463 -6.25945079036 11.0439800814 -6.85435696463 -6.25945079036 11.0938798106 -7.18541367353 -6.22951476777 11.1954732622 -7.85335761546 -5.85004376865 11.3259941617 -8.72944382982 -4.73506756522 11.4158619467 -9.34757339481 -2.69840860167 11.4510988174 -9.59277148555 -0.239374101642 11.4264391317 -9.42838489455 2.25822540581 11.3455382725 -8.87876417445 4.41422168908 11.2210088645 -8.02960957148 5.68073599836 11.1208180322 -7.3450469677 6.16976789908 11.070918303 -7.00382259795 6.24632011639 11.070918303 -7.00382259795 6.24632011639 11.070918303 -7.00382259795 6.24632011639 9.75621936375 -7.19559955773 6.32409679806 9.75621936375 -7.19559955773 6.32409679806 9.75621936375 -7.19559955773 6.32409679806 9.75621936375 -7.19559955773 6.32409679806 12.0017162712 -4.21101610327 7.18694081832
-> CNT_CLAVICLE_1_R yaw
3 48 0 0 3 53 0.0 0.0 0.0 1.0 2.0 3.0 4.0 5.0 6.0 7.0 8.0 9.0 10.0 11.0 12.0 13.0 14.0 15.0 16.0 17.0 18.0 19.0 20.0 21.0 22.0 23.0 24.0 25.0 26.0 27.0 28.0 29.0 30.0 31.0 32.0 33.0 34.0 35.0 36.0 37.0 38.0 39.0 40.0 41.0 42.0 43.0 44.0 45.0 46.0 47.0 48.0 48.0 48.0 51 13.952365339 4.07337384899 8.27355366637 17.03023747 6.19220072572 7.43410512389 17.03023747 6.19220072572 7.43410512389 17.03023747 6.19220072572 7.43410512389 17.03023747 6.19220072572 7.43410512389 15.7586825926 6.42598521423 7.35674773218 15.7586825926 6.42598521423 7.35674773218 15.7586825926 6.42598521423 7.35674773218 15.8201681342 6.76602496678 7.28339353089 15.9430704545 7.451488966 6.80078202369 16.0947259189 8.30820472942 5.54248209407 16.1910654415 8.87577826468 3.3917782937 16.2174049667 9.06363817735 0.895851765605 16.1698564492 8.84385715617 -1.56537757241 16.0555516364 8.24913043168 -3.60778006422 15.8931860729 7.38876585181 -4.73742366374 15.7680651191 6.72841225016 -5.12838146124 15.7067568907 6.39959869477 -5.16369860951 15.7067568907 6.39959869477 -5.16369860951 15.7067568907 6.39959869477 -5.16369860951 16.978981853 6.14612582504 -5.22763056613 16.978981853 6.14612582504 -5.22763056613 16.978981853 6.14612582504 -5.22763056613 13.902812378 4.2106100292 -5.91494323541 13.902812378 4.2106100292 -5.91494323541 13.902812378 4.2106100292 -5.91494323541 11.7541800336 7.09147369733 -5.20270421688 11.7541800336 7.09147369733 -5.20270421688 11.7541800336 7.09147369733 -5.20270421688 11.7541800336 7.09147369733 -5.20270421688 13.0647993637 6.87945538173 -5.14464628309 13.0647993637 6.87945538173 -5.14464628309 13.0647993637 6.87945538173 -5.14464628309 13.0647993637 6.87945538173 -5.14464628309 13.1261040499 7.20829227322 -5.11158985898 13.2512136061 7.86860555018 -4.72584051887 13.4135588581 8.72874047231 -3.60265459069 13.5278636579 9.32346727674 -1.56026027211 13.5754121754 9.5432482979 0.900969065903 13.5490726502 9.35538838525 3.396895594 13.4527331276 8.78781484999 5.54759939436 13.301077882 7.93109773664 6.80603734793 13.178175459 7.24563437113 7.28858406097 13.1166898755 6.90559487714 7.36191182524 13.1166898755 6.90559487714 7.36191182524 13.1166898755 6.90559487714 7.36191182524 11.8094902324 7.1416867864 7.44407397588 11.8094902324 7.1416867864 7.44407397588 11.8094902324 7.1416867864 7.44407397588 11.8094902324 7.1416867864 7.44407397588 13.952365339 4.07337384899 8.27355366637
-> CNT_COG_C outwardCirclePointer
3 88 0 0 3 93 0.0 0.0 0.0 1.0 2.0 3.0 4.0 5.0 6.0 7.0 8.0 9.0 10.0 11.0 12.0 13.0 14.0 15.0 16.0 17.0 18.0 19.0 20.0 21.0 22.0 23.0 24.0 25.0 26.0 27.0 28.0 29.0 30.0 31.0 32.0 33.0 34.0 35.0 36.0 37.0 38.0 39.0 40.0 41.0 42.0 43.0 44.0 45.0 46.0 47.0 48.0 49.0 50.0 51.0 52.0 53.0 54.0 55.0 56.0 57.0 58.0 59.0 60.0 61.0 62.0 63.0 64.0 65.0 66.0 67.0 68.0 69.0 70.0 71.0 72.0 73.0 74.0 75.0 76.0 77.0 78.0 79.0 80.0 81.0 82.0 83.0 84.0 85.0 86.0 87.0 88.0 88.0 88.0 91 -0.274119882903 7.27352106118e-13 -76.3137533738 -0.274119882903 -23.5761481776 -51.4779146863 -0.274119882903 -23.5761481776 -51.4779146863 -0.274119882903 -23.5761481776 -51.4779146863 -0.274119882903 -11.7880551745 -51.4779146863 -0.274119882903 -11.7880551745 -51.4779146863 -0.274119882903 -11.7880551745 -51.4779146863 -0.274119882903 -11.7880551745 -42.2644702056 -0.274119882903 -11.7880551745 -42.2644702056 -0.274119882903 -11.7880551745 -42.2644702056 -0.274119882903 -22.8008900001 -39.6602019334 -0.274119882903 -39.8732144638 -22.7807652148 -0.274119882903 -42.4774827359 -11.7880551745 -0.274119882903 -42.4343960245 -11.967475958 -0.274119882903 -42.4343960245 -11.967475958 -0.274119882903 -51.4779146863 -11.7880551745 -0.274119882903 -51.4779146863 -11.7880551745 -0.274119882903 -51.4779146863 -11.8814916778 -0.274119882903 -51.4779146863 -23.5761481776 -0.274119882903 -51.4779146863 -23.5761481776 -0.274119882903 -51.4779146863 -23.5761481776 -0.274119882903 -76.3137533738 1.16376336979e-12 -0.274119882903 -76.3137533738 1.16376336979e-12 -0.274119882903 -76.3137533738 1.16376336979e-12 -0.274119882903 -51.4779146863 23.5761481776 -0.274119882903 -51.4779146863 23.5761481776 -0.274119882903 -51.4779146863 23.5761481776 -0.274119882903 -51.4779146863 11.7880551746 -0.274119882903 -51.4779146863 11.7880551746 -0.274119882903 -51.4779146863 11.7880551746 -0.274119882903 -42.1881322041 11.7880551746 -0.274119882903 -42.1881322041 11.7880551746 -0.274119882903 -42.1881322041 11.7880551746 -0.274119882903 -39.8127644507 22.9859094081 -0.274119882903 -22.9859094081 39.8127644507 -0.274119882903 -11.7880551745 42.4220639192 -0.274119882903 -11.5929355454 42.351589342 -0.274119882903 -11.7880551745 42.2291761741 -0.274119882903 -11.7880551745 51.4779146863 -0.274119882903 -11.7880551745 51.4779146863 -0.274119882903 -11.7880551745 51.4779146863 -0.274119882903 -23.5761481776 51.4779146863 -0.274119882903 -23.5761481776 51.4779146863 -0.274119882903 -23.5761481776 51.4779146863 -0.274119882903 7.27352106118e-13 76.3137533738 -0.274119882903 7.27352106118e-13 76.3137533738 -0.274119882903 7.27352106118e-13 76.3137533738 -0.274119882903 23.5761481776 51.4779146863 -0.274119882903 23.5761481776 51.4779146863 -0.274119882903 23.5761481776 51.4779146863 -0.274119882903 11.7880551746 51.4779146863 -0.274119882903 11.7880551746 51.4779146863 -0.274119882903 11.7880551746 51.4779146863 -0.274119882903 11.7880551746 42.1327133873 -0.274119882903 11.7880551746 42.1327133873 -0.274119882903 11.7880551746 42.1327133873 -0.274119882903 22.9859094081 39.8127644507 -0.274119882903 39.8127644507 22.9859094081 -0.274119882903 42.2867133893 11.8274725172 -0.274119882903 42.2865999037 11.8280399453 -0.274119882903 42.2865999037 11.8280399453 -0.274119882903 51.4779146863 11.7880551746 -0.274119882903 51.4779146863 11.7880551746 -0.274119882903 51.4779146863 11.7880551746 -0.274119882903 51.4779146863 23.5761481776 -0.274119882903 51.4779146863 23.5761481776 -0.274119882903 51.4779146863 23.5761481776 -0.274119882903 76.3137533738 1.16376336979e-12 -0.274119882903 76.3137533738 1.16376336979e-12 -0.274119882903 76.3137533738 1.16376336979e-12 -0.274119882903 51.4779146863 -23.5761481776 -0.274119882903 51.4779146863 -23.5761481776 -0.274119882903 51.4779146863 -23.5761481776 -0.274119882903 51.4779146863 -11.7880551745 -0.274119882903 51.4779146863 -11.7880551745 -0.274119882903 51.4779146863 -11.7880551745 -0.274119882903 42.3120206851 -11.736684012 -0.274119882903 42.3120206851 -11.736684012 -0.274119882903 42.3120206851 -11.736684012 -0.274119882903 39.8127644507 -22.9859094081 -0.274119882903 22.9859094081 -39.8127644507 -0.274119882903 12.0230839174 -42.2315593724 -0.274119882903 12.0230839174 -42.2315593724 -0.274119882903 12.0230839174 -42.2315593724 -0.274119882903 12.0018242758 -51.4779146863 -0.274119882903 12.0021269041 -51.3489950089 -0.274119882903 12.0021269041 -51.3489950089 -0.274119882903 23.394835967 -51.4779146863 -0.274119882903 23.394835967 -51.4779146863 -0.274119882903 23.394835967 -51.4779146863 -0.274119882903 0.0320562485081 -76.2799724841
-> CNT_GEAR_1 gear
3 97 0 0 3 102 0.0 0.0 0.0 0.0279841174983 0.0279841174983 0.0279841174983 0.0468856389811 0.0468856389811 0.0468856389811 0.0781143570669 0.0781143570669 0.0781143570669 0.0970158786806 0.0970158786806 0.0970158786806 0.152984114137 0.152984114137 0.152984114137 0.171885635775 0.171885635775 0.171885635775 0.203114354117 0.203114354117 0.203114354117 0.222015875886 0.222015875886 0.222015875886 0.277984111801 0.277984111801 0.277984111801 0.296885633594 0.296885633594 0.296885633594 0.328114352193 0.328114352193 0.328114352193 0.347015874117 0.347015874117 0.347015874117 0.402984110492 0.402984110492 0.402984110492 0.42188563244 0.42188563244 0.42188563244 0.453114351295 0.453114351295 0.453114351295 0.472015873374 0.472015873374 0.472015873374 0.527984110208 0.527984110208 0.527984110208 0.546885632312 0.546885632312 0.546885632312 0.578114351423 0.578114351423 0.578114351423 0.597015873657 0.597015873657 0.597015873657 0.652984110951 0.652984110951 0.652984110951 0.67188563321 0.67188563321 0.67188563321 0.703114352577 0.703114352577 0.703114352577 0.722015874967 0.722015874967 0.722015874967 0.77798411272 0.77798411272 0.77798411272 0.796885635134 0.796885635134 0.796885635134 0.828114354758 0.828114354758 0.828114354758 0.847015877302 0.847015877302 0.847015877302 0.902984115515 0.902984115515 0.902984115515 0.921885638084 0.921885638084 0.921885638084 0.953114357964 0.953114357964 0.953114357964 0.972015880664 0.972015880664 0.972015880664 1.0 1.0 1.0 100 1.35278560581e-16 234.877239941 -4.34550581577e-15 1.09169348694e-16 234.877239941 0.426395788643 8.30601368083e-17 234.918512934 0.852791577285 1.35278560581e-16 234.998234016 1.27236743941 1.35278560581e-16 234.505705887 1.60442371187 1.35278560581e-16 234.013177757 1.93647998434 -3.62922290855e-18 233.520649627 2.26853626019 -4.68758229878e-17 233.71532925 2.97480683729 -8.86887261633e-17 233.998177685 3.65766336711 1.35278560581e-16 234.359927121 4.29473136524 1.35278560581e-16 234.942996343 4.18126062688 1.35278560581e-16 235.526065566 4.06778988853 -1.06853653954e-16 236.109134788 3.95431915069 -1.50090575123e-16 236.589762028 4.6604316592 -1.87849776852e-16 237.198426547 5.27708622043 1.35278560581e-16 237.908534077 5.75371843931 1.35278560581e-16 237.795063339 6.33678766166 1.35278560581e-16 237.681592601 6.91985688401 -3.62922290855e-18 237.568121865 7.50292610826 -4.68758229878e-17 238.20518986 7.86467554185 -8.86887261633e-17 238.88804639 8.14752397766 1.35278560581e-16 239.594316971 8.34220360029 1.35278560581e-16 239.926373243 7.84967547066 1.35278560581e-16 240.258429516 7.35714734111 -1.06853653954e-16 240.590485788 6.8646192118 -1.50090575123e-16 241.429637512 7.02406137458 -1.87849776852e-16 242.296068943 7.02971118709 1.35278560581e-16 243.135220666 6.86461921154 1.35278560581e-16 243.467276939 7.35714734111 1.35278560581e-16 243.799333211 7.84967547066 -3.62922290855e-18 244.131389487 8.3422035996 -4.68758229878e-17 244.837660064 8.14752397766 -8.86887261633e-17 245.520516594 7.86467554185 1.35278560581e-16 246.157584593 7.50292610637 1.35278560581e-16 246.044113854 6.91985688401 1.35278560581e-16 245.930643116 6.33678766166 -1.06853653954e-16 245.817172378 5.75371843915 -1.50090575123e-16 246.523284886 5.27309119968 -1.87849776852e-16 247.139939448 4.66442667994 1.35278560581e-16 247.616571666 3.95431915018 1.35278560581e-16 248.199640889 4.06778988853 1.35278560581e-16 248.782710111 4.18126062688 -3.62922290855e-18 249.365779335 4.29473136235 -4.68758229878e-17 249.727528769 3.65766336711 -8.86887261633e-17 250.010377205 2.97480683729 1.35278560581e-16 250.205056828 2.26853625682 1.35278560581e-16 249.712528698 1.93647998434 1.35278560581e-16 249.220000568 1.60442371187 -1.06853653954e-16 248.727472439 1.27236743893 -1.50090575123e-16 248.886914602 0.43321571564 -1.87849776852e-16 248.892564414 -0.43321571564 1.35278560581e-16 248.727472439 -1.27236743941 1.35278560581e-16 249.220000568 -1.60442371187 1.35278560581e-16 249.712528698 -1.93647998434 -3.62922290855e-18 250.205056827 -2.26853626019 -4.68758229878e-17 250.010377205 -2.97480683729 -8.86887261633e-17 249.727528769 -3.65766336711 1.35278560581e-16 249.365779334 -4.29473136524 1.35278560581e-16 248.782710111 -4.18126062688 1.35278560581e-16 248.199640889 -4.06778988853 -1.06853653954e-16 247.616571666 -3.95431915069 -1.50090575123e-16 247.135944427 -4.6604316592 -1.87849776852e-16 246.527279908 -5.27708622043 1.35278560581e-16 245.817172378 -5.75371843931 1.35278560581e-16 245.930643116 -6.33678766166 1.35278560581e-16 246.044113854 -6.91985688401 -3.62922290855e-18 246.15758459 -7.50292610826 -4.68758229878e-17 245.520516594 -7.86467554185 -8.86887261633e-17 244.837660064 -8.14752397766 1.35278560581e-16 244.131389484 -8.34220360029 1.35278560581e-16 243.799333211 -7.84967547066 1.35278560581e-16 243.467276939 -7.35714734111 -1.06853653954e-16 243.135220666 -6.8646192118 -1.50090575123e-16 242.296068943 -7.02406137458 -1.87849776852e-16 241.429637512 -7.02971118709 1.35278560581e-16 240.590485788 -6.86461921154 1.35278560581e-16 240.258429516 -7.35714734111 1.35278560581e-16 239.926373243 -7.84967547066 -3.62922290855e-18 239.594316967 -8.3422035996 -4.68758229878e-17 238.88804639 -8.14752397766 -8.86887261633e-17 238.20518986 -7.86467554185 1.35278560581e-16 237.568121862 -7.50292610637 1.35278560581e-16 237.681592601 -6.91985688401 1.35278560581e-16 237.795063339 -6.33678766166 -1.06853653954e-16 237.908534077 -5.75371843915 -1.50090575123e-16 237.202421568 -5.27309119968 -1.87849776852e-16 236.585767007 -4.66442667994 1.35278560581e-16 236.109134788 -3.95431915018 1.35278560581e-16 235.526065566 -4.06778988853 1.35278560581e-16 234.942996343 -4.18126062688 -3.62922290855e-18 234.359927119 -4.29473136235 -4.68758229878e-17 233.998177685 -3.65766336711 -8.86887261633e-17 233.71532925 -2.97480683729 1.35278560581e-16 233.520649627 -2.26853625682 1.35278560581e-16 234.013177757 -1.93647998434 1.35278560581e-16 234.505705887 -1.60442371187 -1.06853653954e-16 234.998234015 -1.27236743893 -1.28472114539e-16 234.918512934 -0.852791577285 -1.48721145264e-16 234.877239941 -0.426395788643 -1.6718314604e-16 234.877239941 -6.59225040552e-15
-> CNT_GEAR_FOOT_1_L gear
 3 97 0 0 3 102 0.0 0.0 0.0 0.0279841174983 0.0279841174983 0.0279841174983 0.0468856389811 0.0468856389811 0.0468856389811 0.0781143570669 0.0781143570669 0.0781143570669 0.0970158786806 0.0970158786806 0.0970158786806 0.152984114137 0.152984114137 0.152984114137 0.171885635775 0.171885635775 0.171885635775 0.203114354117 0.203114354117 0.203114354117 0.222015875886 0.222015875886 0.222015875886 0.277984111801 0.277984111801 0.277984111801 0.296885633594 0.296885633594 0.296885633594 0.328114352193 0.328114352193 0.328114352193 0.347015874117 0.347015874117 0.347015874117 0.402984110492 0.402984110492 0.402984110492 0.42188563244 0.42188563244 0.42188563244 0.453114351295 0.453114351295 0.453114351295 0.472015873374 0.472015873374 0.472015873374 0.527984110208 0.527984110208 0.527984110208 0.546885632312 0.546885632312 0.546885632312 0.578114351423 0.578114351423 0.578114351423 0.597015873657 0.597015873657 0.597015873657 0.652984110951 0.652984110951 0.652984110951 0.67188563321 0.67188563321 0.67188563321 0.703114352577 0.703114352577 0.703114352577 0.722015874967 0.722015874967 0.722015874967 0.77798411272 0.77798411272 0.77798411272 0.796885635134 0.796885635134 0.796885635134 0.828114354758 0.828114354758 0.828114354758 0.847015877302 0.847015877302 0.847015877302 0.902984115515 0.902984115515 0.902984115515 0.921885638084 0.921885638084 0.921885638084 0.953114357964 0.953114357964 0.953114357964 0.972015880664 0.972015880664 0.972015880664 1.0 1.0 1.0 100 -22.2495502356 0.0166121131871 -5.77520196962 -22.2495502356 0.0166121131871 -5.68716870151 -22.2410290527 0.0166121131871 -5.59913543342 -22.2245699141 0.0166121131871 -5.51251020085 -22.3262568023 0.0166121131871 -5.44395417934 -22.4279436905 0.0166121131871 -5.37539815783 -22.5296305786 0.0166121131871 -5.30684213563 -22.4894372093 0.0166121131871 -5.16102618547 -22.4310405909 0.0166121131871 -5.0200442772 -22.3563541473 0.0166121131871 -4.88851582553 -22.2359742314 0.0166121131871 -4.91194288602 -22.1155943155 0.0166121131871 -4.93536994651 -21.9952143995 0.0166121131871 -4.95879700688 -21.8959845578 0.0166121131871 -4.81301369141 -21.7703202612 0.0166121131871 -4.68569977848 -21.6237121375 0.0166121131871 -4.58729474487 -21.6471391979 0.0166121131871 -4.46691482899 -21.6705662584 0.0166121131871 -4.3465349131 -21.6939933184 0.0166121131871 -4.22615499683 -21.5624648673 0.0166121131871 -4.15146855357 -21.421482959 0.0166121131871 -4.09307193511 -21.2756670081 0.0166121131871 -4.05287856579 -21.2071109866 0.0166121131871 -4.15456545398 -21.1385549652 0.0166121131871 -4.25625234215 -21.0699989435 0.0166121131871 -4.35793923025 -20.8967484786 0.0166121131871 -4.3250209533 -20.7178658712 0.0166121131871 -4.3238544984 -20.5446154061 0.0166121131871 -4.35793923031 -20.4760593846 0.0166121131871 -4.25625234215 -20.407503363 0.0166121131871 -4.15456545398 -20.3389473409 0.0166121131871 -4.05287856594 -20.1931313907 0.0166121131871 -4.09307193511 -20.0521494824 0.0166121131871 -4.15146855357 -19.9206210308 0.0166121131871 -4.22615499722 -19.9440480912 0.0166121131871 -4.3465349131 -19.9674751518 0.0166121131871 -4.46691482899 -19.9909022121 0.0166121131871 -4.58729474491 -19.8451188967 0.0166121131871 -4.68652458665 -19.7178049837 0.0166121131871 -4.81218888324 -19.6193999501 0.0166121131871 -4.95879700698 -19.4990200342 0.0166121131871 -4.93536994651 -19.3786401183 0.0166121131871 -4.91194288602 -19.2582602021 0.0166121131871 -4.88851582613 -19.1835737588 0.0166121131871 -5.0200442772 -19.1251771404 0.0166121131871 -5.16102618547 -19.084983771 0.0166121131871 -5.30684213633 -19.1866706592 0.0166121131871 -5.37539815783 -19.2883575474 0.0166121131871 -5.44395417934 -19.3900444355 0.0166121131871 -5.51251020095 -19.3571261585 0.0166121131871 -5.6857606659 -19.3559597036 0.0166121131871 -5.86464327334 -19.3900444355 0.0166121131871 -6.03789373838 -19.2883575474 0.0166121131871 -6.10644975989 -19.1866706592 0.0166121131871 -6.1750057814 -19.0849837712 0.0166121131871 -6.24356180361 -19.1251771404 0.0166121131871 -6.38937775376 -19.1835737588 0.0166121131871 -6.53035966204 -19.2582602025 0.0166121131871 -6.6618881137 -19.3786401183 0.0166121131871 -6.63846105321 -19.4990200342 0.0166121131871 -6.61503399274 -19.6193999502 0.0166121131871 -6.59160693235 -19.7186297919 0.0166121131871 -6.73739024782 -19.8442940885 0.0166121131871 -6.86470416076 -19.9909022122 0.0166121131871 -6.96310919436 -19.9674751518 0.0166121131871 -7.08348911024 -19.9440480912 0.0166121131871 -7.20386902613 -19.9206210313 0.0166121131871 -7.32424894237 -20.0521494824 0.0166121131871 -7.39893538567 -20.1931313907 0.0166121131871 -7.45733200407 -20.3389473416 0.0166121131871 -7.49752537347 -20.407503363 0.0166121131871 -7.39583848527 -20.4760593846 0.0166121131871 -7.29415159707 -20.5446154062 0.0166121131871 -7.19246470898 -20.7178658712 0.0166121131871 -7.22538298593 -20.8967484786 0.0166121131871 -7.22654944083 -21.0699989436 0.0166121131871 -7.19246470892 -21.1385549652 0.0166121131871 -7.29415159707 -21.2071109866 0.0166121131871 -7.39583848527 -21.2756670088 0.0166121131871 -7.49752537327 -21.421482959 0.0166121131871 -7.45733200407 -21.5624648673 0.0166121131871 -7.39893538567 -21.693993319 0.0166121131871 -7.32424894197 -21.6705662584 0.0166121131871 -7.20386902613 -21.6471391979 0.0166121131871 -7.08348911024 -21.6237121376 0.0166121131871 -6.96310919433 -21.769495453 0.0166121131871 -6.86387935258 -21.896809366 0.0166121131871 -6.738215056 -21.9952143997 0.0166121131871 -6.59160693225 -22.1155943155 0.0166121131871 -6.61503399274 -22.2359742314 0.0166121131871 -6.63846105321 -22.3563541476 0.0166121131871 -6.66188811311 -22.4310405909 0.0166121131871 -6.53035966204 -22.4894372093 0.0166121131871 -6.38937775376 -22.5296305787 0.0166121131871 -6.24356180291 -22.4279436905 0.0166121131871 -6.1750057814 -22.3262568023 0.0166121131871 -6.10644975989 -22.2245699142 0.0166121131871 -6.03789373828 -22.2410290527 0.0166121131871 -5.95126850581 -22.2495502356 0.0166121131871 -5.86323523772 -22.2495502356 0.0166121131871 -5.77520196962
-> CNT_GEAR_FOOT_1_R gear
 3 97 0 0 3 102 0.0 0.0 0.0 0.0279841174983 0.0279841174983 0.0279841174983 0.0468856389811 0.0468856389811 0.0468856389811 0.0781143570669 0.0781143570669 0.0781143570669 0.0970158786806 0.0970158786806 0.0970158786806 0.152984114137 0.152984114137 0.152984114137 0.171885635775 0.171885635775 0.171885635775 0.203114354117 0.203114354117 0.203114354117 0.222015875886 0.222015875886 0.222015875886 0.277984111801 0.277984111801 0.277984111801 0.296885633594 0.296885633594 0.296885633594 0.328114352193 0.328114352193 0.328114352193 0.347015874117 0.347015874117 0.347015874117 0.402984110492 0.402984110492 0.402984110492 0.42188563244 0.42188563244 0.42188563244 0.453114351295 0.453114351295 0.453114351295 0.472015873374 0.472015873374 0.472015873374 0.527984110208 0.527984110208 0.527984110208 0.546885632312 0.546885632312 0.546885632312 0.578114351423 0.578114351423 0.578114351423 0.597015873657 0.597015873657 0.597015873657 0.652984110951 0.652984110951 0.652984110951 0.67188563321 0.67188563321 0.67188563321 0.703114352577 0.703114352577 0.703114352577 0.722015874967 0.722015874967 0.722015874967 0.77798411272 0.77798411272 0.77798411272 0.796885635134 0.796885635134 0.796885635134 0.828114354758 0.828114354758 0.828114354758 0.847015877302 0.847015877302 0.847015877302 0.902984115515 0.902984115515 0.902984115515 0.921885638084 0.921885638084 0.921885638084 0.953114357964 0.953114357964 0.953114357964 0.972015880664 0.972015880664 0.972015880664 1.0 1.0 1.0 100 19.3650649209 -0.016612118954 5.7752043109 19.3650649209 -0.016612118954 5.863237579 19.3735861038 -0.016612118954 5.95127084709 19.3900452423 -0.016612118954 6.03789607966 19.2883583542 -0.016612118954 6.10645210117 19.186671466 -0.016612118954 6.17500812268 19.084984578 -0.016612118954 6.24356414489 19.1251779472 -0.016612118954 6.38938009504 19.1835745656 -0.016612118954 6.53036200332 19.2582610093 -0.016612118954 6.66189045498 19.3786409251 -0.016612118954 6.63846339449 19.499020841 -0.016612118954 6.61503633402 19.619400757 -0.016612118954 6.59160927363 19.7186305987 -0.016612118954 6.7373925891 19.8442948953 -0.016612118954 6.86470650204 19.990903019 -0.016612118954 6.96311153564 19.9674759586 -0.016612118954 7.08349145152 19.944048898 -0.016612118954 7.20387136741 19.9206218381 -0.016612118954 7.32425128365 20.0521502892 -0.016612118954 7.39893772695 20.1931321975 -0.016612118954 7.45733434535 20.3389481484 -0.016612118954 7.49752771475 20.4075041698 -0.016612118954 7.39584082655 20.4760601914 -0.016612118954 7.29415393835 20.544616213 -0.016612118954 7.19246705026 20.717866678 -0.016612118954 7.22538532721 20.8967492854 -0.016612118954 7.22655178211 21.0699997504 -0.016612118954 7.1924670502 21.138555772 -0.016612118954 7.29415393835 21.2071117934 -0.016612118954 7.39584082655 21.2756678156 -0.016612118954 7.49752771455 21.4214837658 -0.016612118954 7.45733434535 21.5624656741 -0.016612118954 7.39893772695 21.6939941258 -0.016612118954 7.32425128325 21.6705670652 -0.016612118954 7.20387136741 21.6471400047 -0.016612118954 7.08349145152 21.6237129444 -0.016612118954 6.96311153561 21.7694962598 -0.016612118954 6.86388169386 21.8968101728 -0.016612118954 6.73821739728 21.9952152065 -0.016612118954 6.59160927353 22.1155951223 -0.016612118954 6.61503633402 22.2359750382 -0.016612118954 6.63846339449 22.3563549544 -0.016612118954 6.66189045439 22.4310413977 -0.016612118954 6.53036200332 22.4894380161 -0.016612118954 6.38938009504 22.5296313855 -0.016612118954 6.24356414419 22.4279444973 -0.016612118954 6.17500812268 22.3262576091 -0.016612118954 6.10645210117 22.224570721 -0.016612118954 6.03789607956 22.257488998 -0.016612118954 5.86464561462 22.2586554528 -0.016612118954 5.68576300718 22.2245707209 -0.016612118954 5.51251254213 22.3262576091 -0.016612118954 5.44395652062 22.4279444973 -0.016612118954 5.37540049911 22.5296313854 -0.016612118954 5.30684447691 22.4894380161 -0.016612118954 5.16102852675 22.4310413977 -0.016612118954 5.02004661848 22.3563549541 -0.016612118954 4.88851816681 22.2359750382 -0.016612118954 4.9119452273 22.1155951223 -0.016612118954 4.93537228779 21.9952152063 -0.016612118954 4.95879934816 21.8959853646 -0.016612118954 4.81301603269 21.770321068 -0.016612118954 4.68570211976 21.6237129443 -0.016612118954 4.58729708615 21.6471400047 -0.016612118954 4.46691717027 21.6705670652 -0.016612118954 4.34653725438 21.6939941252 -0.016612118954 4.22615733811 21.5624656741 -0.016612118954 4.15147089485 21.4214837658 -0.016612118954 4.09307427639 21.2756678149 -0.016612118954 4.05288090707 21.2071117934 -0.016612118954 4.15456779526 21.138555772 -0.016612118954 4.25625468343 21.0699997503 -0.016612118954 4.35794157153 20.8967492854 -0.016612118954 4.32502329458 20.717866678 -0.016612118954 4.32385683968 20.5446162129 -0.016612118954 4.35794157159 20.4760601914 -0.016612118954 4.25625468343 20.4075041698 -0.016612118954 4.15456779526 20.3389481477 -0.016612118954 4.05288090722 20.1931321975 -0.016612118954 4.09307427639 20.0521502892 -0.016612118954 4.15147089485 19.9206218376 -0.016612118954 4.2261573385 19.944048898 -0.016612118954 4.34653725438 19.9674759586 -0.016612118954 4.46691717027 19.9909030189 -0.016612118954 4.58729708619 19.8451197035 -0.016612118954 4.68652692793 19.7178057905 -0.016612118954 4.81219122452 19.6194007569 -0.016612118954 4.95879934826 19.499020841 -0.016612118954 4.93537228779 19.3786409251 -0.016612118954 4.9119452273 19.2582610089 -0.016612118954 4.88851816741 19.1835745656 -0.016612118954 5.02004661848 19.1251779472 -0.016612118954 5.16102852675 19.0849845778 -0.016612118954 5.30684447761 19.186671466 -0.016612118954 5.37540049911 19.2883583542 -0.016612118954 5.44395652062 19.3900452423 -0.016612118954 5.51251254223 19.3735861038 -0.016612118954 5.5991377747 19.3650649209 -0.016612118954 5.68717104279 19.3650649209 -0.016612118954 5.7752043109
-> CNT_GEAR_HAND_1_L gear
 3 97 0 0 3 102 0.0 0.0 0.0 0.0279841174983 0.0279841174983 0.0279841174983 0.0468856389811 0.0468856389811 0.0468856389811 0.0781143570669 0.0781143570669 0.0781143570669 0.0970158786806 0.0970158786806 0.0970158786806 0.152984114137 0.152984114137 0.152984114137 0.171885635775 0.171885635775 0.171885635775 0.203114354117 0.203114354117 0.203114354117 0.222015875886 0.222015875886 0.222015875886 0.277984111801 0.277984111801 0.277984111801 0.296885633594 0.296885633594 0.296885633594 0.328114352193 0.328114352193 0.328114352193 0.347015874117 0.347015874117 0.347015874117 0.402984110492 0.402984110492 0.402984110492 0.42188563244 0.42188563244 0.42188563244 0.453114351295 0.453114351295 0.453114351295 0.472015873374 0.472015873374 0.472015873374 0.527984110208 0.527984110208 0.527984110208 0.546885632312 0.546885632312 0.546885632312 0.578114351423 0.578114351423 0.578114351423 0.597015873657 0.597015873657 0.597015873657 0.652984110951 0.652984110951 0.652984110951 0.67188563321 0.67188563321 0.67188563321 0.703114352577 0.703114352577 0.703114352577 0.722015874967 0.722015874967 0.722015874967 0.77798411272 0.77798411272 0.77798411272 0.796885635134 0.796885635134 0.796885635134 0.828114354758 0.828114354758 0.828114354758 0.847015877302 0.847015877302 0.847015877302 0.902984115515 0.902984115515 0.902984115515 0.921885638084 0.921885638084 0.921885638084 0.953114357964 0.953114357964 0.953114357964 0.972015880664 0.972015880664 0.972015880664 1.0 1.0 1.0 100 1.33703719932 0.107159488219 12.4252181992 1.33703719932 0.107159488219 12.3371849311 1.32851601636 0.107159488219 12.2491516631 1.31205687783 0.107159488219 12.1625264305 1.413743766 0.107159488219 12.093970409 1.51543065417 0.107159488219 12.0254143875 1.61711754221 0.107159488219 11.9568583652 1.57692417302 0.107159488219 11.8110424151 1.51852755457 0.107159488219 11.6700605068 1.44384111093 0.107159488219 11.5385320552 1.32346119504 0.107159488219 11.5619591157 1.20308127916 0.107159488219 11.5853861761 1.08270136323 0.107159488219 11.6088132365 0.983471521486 0.107159488219 11.463029921 0.857807224896 0.107159488219 11.3357160081 0.711199101151 0.107159488219 11.2373109745 0.734626161634 0.107159488219 11.1169310586 0.758053222119 0.107159488219 10.9965511427 0.781480282006 0.107159488219 10.8761712265 0.64995183094 0.107159488219 10.8014847832 0.508969922668 0.107159488219 10.7430881647 0.363153971814 0.107159488219 10.7028947954 0.294597950304 0.107159488219 10.8045816836 0.226041928793 0.107159488219 10.9062685718 0.157485907187 0.107159488219 11.0079554599 -0.0157645577553 0.107159488219 10.9750371829 -0.194647165206 0.107159488219 10.973870728 -0.367897630245 0.107159488219 11.0079554599 -0.436453651754 0.107159488219 10.9062685718 -0.505009673265 0.107159488219 10.8045816836 -0.573565695473 0.107159488219 10.7028947956 -0.71938164563 0.107159488219 10.7430881647 -0.8603635539 0.107159488219 10.8014847832 -0.991892005563 0.107159488219 10.8761712268 -0.968464945079 0.107159488219 10.9965511427 -0.945037884595 0.107159488219 11.1169310586 -0.921610824218 0.107159488219 11.2373109745 -1.06739413968 0.107159488219 11.3365408163 -1.19470805262 0.107159488219 11.4622051129 -1.29311308621 0.107159488219 11.6088132366 -1.4134930021 0.107159488219 11.5853861761 -1.53387291798 0.107159488219 11.5619591157 -1.65425283427 0.107159488219 11.5385320558 -1.72893927752 0.107159488219 11.6700605068 -1.78733589598 0.107159488219 11.8110424151 -1.82752926531 0.107159488219 11.956858366 -1.72584237712 0.107159488219 12.0254143875 -1.62415548895 0.107159488219 12.093970409 -1.52246860084 0.107159488219 12.1625264306 -1.55538687779 0.107159488219 12.3357768955 -1.5565533327 0.107159488219 12.514659503 -1.52246860078 0.107159488219 12.687909968 -1.62415548895 0.107159488219 12.7564659895 -1.72584237712 0.107159488219 12.825022011 -1.82752926516 0.107159488219 12.8935780332 -1.78733589598 0.107159488219 13.0393939834 -1.72893927752 0.107159488219 13.1803758917 -1.65425283388 0.107159488219 13.3119043433 -1.53387291798 0.107159488219 13.2884772828 -1.4134930021 0.107159488219 13.2650502224 -1.29311308619 0.107159488219 13.241623162 -1.19388324444 0.107159488219 13.3874064774 -1.06821894785 0.107159488219 13.5147203904 -0.921610824112 0.107159488219 13.613125424 -0.945037884595 0.107159488219 13.7335053399 -0.968464945079 0.107159488219 13.8538852558 -0.991892004967 0.107159488219 13.974265172 -0.8603635539 0.107159488219 14.0489516153 -0.71938164563 0.107159488219 14.1073482337 -0.573565694775 0.107159488219 14.1475416031 -0.505009673265 0.107159488219 14.0458547149 -0.436453651754 0.107159488219 13.9441678267 -0.367897630147 0.107159488219 13.8424809386 -0.194647165206 0.107159488219 13.8753992156 -0.0157645577553 0.107159488219 13.8765656705 0.157485907284 0.107159488219 13.8424809385 0.226041928793 0.107159488219 13.9441678267 0.294597950304 0.107159488219 14.0458547149 0.363153972512 0.107159488219 14.1475416029 0.508969922668 0.107159488219 14.1073482337 0.64995183094 0.107159488219 14.0489516153 0.781480282603 0.107159488219 13.9742651716 0.758053222119 0.107159488219 13.8538852558 0.734626161634 0.107159488219 13.7335053399 0.711199101257 0.107159488219 13.613125424 0.856982416722 0.107159488219 13.5138955822 0.984296329656 0.107159488219 13.3882312856 1.08270136327 0.107159488219 13.2416231619 1.20308127916 0.107159488219 13.2650502224 1.32346119504 0.107159488219 13.2884772828 1.44384111131 0.107159488219 13.3119043427 1.51852755457 0.107159488219 13.1803758917 1.57692417302 0.107159488219 13.0393939834 1.61711754235 0.107159488219 12.8935780325 1.51543065417 0.107159488219 12.825022011 1.413743766 0.107159488219 12.7564659895 1.31205687788 0.107159488219 12.6879099679 1.32851601636 0.107159488219 12.6012847354 1.33703719932 0.107159488219 12.5132514673 1.33703719932 0.107159488219 12.4252181992
-> CNT_GEAR_HAND_1_R gear
 3 97 0 0 3 102 0.0 0.0 0.0 0.0279841174983 0.0279841174983 0.0279841174983 0.0468856389811 0.0468856389811 0.0468856389811 0.0781143570669 0.0781143570669 0.0781143570669 0.0970158786806 0.0970158786806 0.0970158786806 0.152984114137 0.152984114137 0.152984114137 0.171885635775 0.171885635775 0.171885635775 0.203114354117 0.203114354117 0.203114354117 0.222015875886 0.222015875886 0.222015875886 0.277984111801 0.277984111801 0.277984111801 0.296885633594 0.296885633594 0.296885633594 0.328114352193 0.328114352193 0.328114352193 0.347015874117 0.347015874117 0.347015874117 0.402984110492 0.402984110492 0.402984110492 0.42188563244 0.42188563244 0.42188563244 0.453114351295 0.453114351295 0.453114351295 0.472015873374 0.472015873374 0.472015873374 0.527984110208 0.527984110208 0.527984110208 0.546885632312 0.546885632312 0.546885632312 0.578114351423 0.578114351423 0.578114351423 0.597015873657 0.597015873657 0.597015873657 0.652984110951 0.652984110951 0.652984110951 0.67188563321 0.67188563321 0.67188563321 0.703114352577 0.703114352577 0.703114352577 0.722015874967 0.722015874967 0.722015874967 0.77798411272 0.77798411272 0.77798411272 0.796885635134 0.796885635134 0.796885635134 0.828114354758 0.828114354758 0.828114354758 0.847015877302 0.847015877302 0.847015877302 0.902984115515 0.902984115515 0.902984115515 0.921885638084 0.921885638084 0.921885638084 0.953114357964 0.953114357964 0.953114357964 0.972015880664 0.972015880664 0.972015880664 1.0 1.0 1.0 100 1.33703719931 -0.107159488219 12.4252181992 1.33703719931 -0.107159488219 12.3371849311 1.32851601635 -0.107159488219 12.2491516631 1.31205687782 -0.107159488219 12.1625264305 1.41374376599 -0.107159488219 12.093970409 1.51543065416 -0.107159488219 12.0254143875 1.6171175422 -0.107159488219 11.9568583652 1.57692417301 -0.107159488219 11.8110424151 1.51852755456 -0.107159488219 11.6700605068 1.44384111092 -0.107159488219 11.5385320552 1.32346119503 -0.107159488219 11.5619591157 1.20308127915 -0.107159488219 11.5853861761 1.08270136322 -0.107159488219 11.6088132365 0.983471521484 -0.107159488219 11.463029921 0.857807224894 -0.107159488219 11.3357160081 0.711199101149 -0.107159488219 11.2373109745 0.734626161633 -0.107159488219 11.1169310586 0.758053222117 -0.107159488219 10.9965511427 0.781480282004 -0.107159488219 10.8761712265 0.649951830938 -0.107159488219 10.8014847832 0.508969922666 -0.107159488219 10.7430881647 0.363153971812 -0.107159488219 10.7028947954 0.294597950302 -0.107159488219 10.8045816836 0.226041928791 -0.107159488219 10.9062685718 0.157485907185 -0.107159488219 11.0079554599 -0.015764557757 -0.107159488219 10.9750371829 -0.194647165208 -0.107159488219 10.973870728 -0.367897630247 -0.107159488219 11.0079554599 -0.436453651756 -0.107159488219 10.9062685718 -0.505009673267 -0.107159488219 10.8045816836 -0.573565695474 -0.107159488219 10.7028947956 -0.719381645632 -0.107159488219 10.7430881647 -0.860363553902 -0.107159488219 10.8014847832 -0.991892005565 -0.107159488219 10.8761712268 -0.968464945081 -0.107159488219 10.9965511427 -0.945037884597 -0.107159488219 11.1169310586 -0.92161082422 -0.107159488219 11.2373109745 -1.06739413969 -0.107159488219 11.3365408163 -1.19470805263 -0.107159488219 11.4622051129 -1.29311308622 -0.107159488219 11.6088132366 -1.41349300211 -0.107159488219 11.5853861761 -1.53387291799 -0.107159488219 11.5619591157 -1.65425283428 -0.107159488219 11.5385320558 -1.72893927753 -0.107159488219 11.6700605068 -1.78733589599 -0.107159488219 11.8110424151 -1.82752926532 -0.107159488219 11.956858366 -1.72584237713 -0.107159488219 12.0254143875 -1.62415548896 -0.107159488219 12.093970409 -1.52246860085 -0.107159488219 12.1625264306 -1.5553868778 -0.107159488219 12.3357768955 -1.55655333271 -0.107159488219 12.514659503 -1.52246860079 -0.107159488219 12.687909968 -1.62415548896 -0.107159488219 12.7564659895 -1.72584237713 -0.107159488219 12.825022011 -1.82752926517 -0.107159488219 12.8935780332 -1.78733589599 -0.107159488219 13.0393939834 -1.72893927753 -0.107159488219 13.1803758917 -1.65425283389 -0.107159488219 13.3119043433 -1.53387291799 -0.107159488219 13.2884772828 -1.41349300211 -0.107159488219 13.2650502224 -1.2931130862 -0.107159488219 13.241623162 -1.19388324445 -0.107159488219 13.3874064774 -1.06821894786 -0.107159488219 13.5147203904 -0.921610824114 -0.107159488219 13.613125424 -0.945037884597 -0.107159488219 13.7335053399 -0.968464945081 -0.107159488219 13.8538852558 -0.991892004969 -0.107159488219 13.974265172 -0.860363553902 -0.107159488219 14.0489516153 -0.719381645632 -0.107159488219 14.1073482337 -0.573565694777 -0.107159488219 14.1475416031 -0.505009673267 -0.107159488219 14.0458547149 -0.436453651756 -0.107159488219 13.9441678267 -0.367897630149 -0.107159488219 13.8424809386 -0.194647165208 -0.107159488219 13.8753992156 -0.015764557757 -0.107159488219 13.8765656705 0.157485907282 -0.107159488219 13.8424809385 0.226041928791 -0.107159488219 13.9441678267 0.294597950302 -0.107159488219 14.0458547149 0.36315397251 -0.107159488219 14.1475416029 0.508969922666 -0.107159488219 14.1073482337 0.649951830938 -0.107159488219 14.0489516153 0.781480282601 -0.107159488219 13.9742651716 0.758053222117 -0.107159488219 13.8538852558 0.734626161633 -0.107159488219 13.7335053399 0.711199101255 -0.107159488219 13.613125424 0.85698241672 -0.107159488219 13.5138955822 0.984296329654 -0.107159488219 13.3882312856 1.08270136326 -0.107159488219 13.2416231619 1.20308127915 -0.107159488219 13.2650502224 1.32346119503 -0.107159488219 13.2884772828 1.4438411113 -0.107159488219 13.3119043427 1.51852755456 -0.107159488219 13.1803758917 1.57692417301 -0.107159488219 13.0393939834 1.61711754234 -0.107159488219 12.8935780325 1.51543065416 -0.107159488219 12.825022011 1.41374376599 -0.107159488219 12.7564659895 1.31205687787 -0.107159488219 12.6879099679 1.32851601635 -0.107159488219 12.6012847354 1.33703719931 -0.107159488219 12.5132514673 1.33703719931 -0.107159488219 12.4252181992
-> CNT_GROUND_1 outwardCirclePointer
3 88 0 0 3 93 0.0 0.0 0.0 1.0 2.0 3.0 4.0 5.0 6.0 7.0 8.0 9.0 10.0 11.0 12.0 13.0 14.0 15.0 16.0 17.0 18.0 19.0 20.0 21.0 22.0 23.0 24.0 25.0 26.0 27.0 28.0 29.0 30.0 31.0 32.0 33.0 34.0 35.0 36.0 37.0 38.0 39.0 40.0 41.0 42.0 43.0 44.0 45.0 46.0 47.0 48.0 49.0 50.0 51.0 52.0 53.0 54.0 55.0 56.0 57.0 58.0 59.0 60.0 61.0 62.0 63.0 64.0 65.0 66.0 67.0 68.0 69.0 70.0 71.0 72.0 73.0 74.0 75.0 76.0 77.0 78.0 79.0 80.0 81.0 82.0 83.0 84.0 85.0 86.0 87.0 88.0 88.0 88.0 91 1.06581410364e-12 111.82517238 0.401677309832 -34.5469422936 75.4323621766 0.401677309832 -34.5469422936 75.4323621766 0.401677309832 -34.5469422936 75.4323621766 0.401677309832 -17.273443431 75.4323621766 0.401677309832 -17.273443431 75.4323621766 0.401677309832 -17.273443431 75.4323621766 0.401677309832 -17.273443431 61.9315845091 0.401677309832 -17.273443431 61.9315845091 0.401677309832 -17.273443431 61.9315845091 0.401677309832 -33.4109297729 58.115460474 0.401677309832 -58.4275950746 33.3814402315 0.401677309832 -62.2437191096 17.273443431 0.401677309832 -62.1805826668 17.5363548874 0.401677309832 -62.1805826668 17.5363548874 0.401677309832 -75.4323621766 17.273443431 0.401677309832 -75.4323621766 17.273443431 0.401677309832 -75.4323621766 17.4103591589 0.401677309832 -75.4323621766 34.5469422936 0.401677309832 -75.4323621766 34.5469422936 0.401677309832 -75.4323621766 34.5469422936 0.401677309832 -111.82517238 -1.70530256582e-12 0.401677309832 -111.82517238 -1.70530256582e-12 0.401677309832 -111.82517238 -1.70530256582e-12 0.401677309832 -75.4323621766 -34.5469422936 0.401677309832 -75.4323621766 -34.5469422936 0.401677309832 -75.4323621766 -34.5469422936 0.401677309832 -75.4323621766 -17.2734434311 0.401677309832 -75.4323621766 -17.2734434311 0.401677309832 -75.4323621766 -17.2734434311 0.401677309832 -61.8197238052 -17.2734434311 0.401677309832 -61.8197238052 -17.2734434311 0.401677309832 -61.8197238052 -17.2734434311 0.401677309832 -58.3390155875 -33.6820450866 0.401677309832 -33.6820450866 -58.3390155875 0.401677309832 -17.273443431 -62.162512008 0.401677309832 -16.9875279152 -62.0592431816 0.401677309832 -17.273443431 -61.8798669487 0.401677309832 -17.273443431 -75.4323621766 0.401677309832 -17.273443431 -75.4323621766 0.401677309832 -17.273443431 -75.4323621766 0.401677309832 -34.5469422936 -75.4323621766 0.401677309832 -34.5469422936 -75.4323621766 0.401677309832 -34.5469422936 -75.4323621766 0.401677309832 1.06581410364e-12 -111.82517238 0.401677309832 1.06581410364e-12 -111.82517238 0.401677309832 1.06581410364e-12 -111.82517238 0.401677309832 34.5469422936 -75.4323621766 0.401677309832 34.5469422936 -75.4323621766 0.401677309832 34.5469422936 -75.4323621766 0.401677309832 17.2734434311 -75.4323621766 0.401677309832 17.2734434311 -75.4323621766 0.401677309832 17.2734434311 -75.4323621766 0.401677309832 17.2734434311 -61.7385167034 0.401677309832 17.2734434311 -61.7385167034 0.401677309832 17.2734434311 -61.7385167034 0.401677309832 33.6820450866 -58.3390155875 0.401677309832 58.3390155875 -33.6820450866 0.401677309832 61.9641782128 -17.3312030215 0.401677309832 61.9640119183 -17.3320344935 0.401677309832 61.9640119183 -17.3320344935 0.401677309832 75.4323621766 -17.2734434311 0.401677309832 75.4323621766 -17.2734434311 0.401677309832 75.4323621766 -17.2734434311 0.401677309832 75.4323621766 -34.5469422936 0.401677309832 75.4323621766 -34.5469422936 0.401677309832 75.4323621766 -34.5469422936 0.401677309832 111.82517238 -1.70530256582e-12 0.401677309832 111.82517238 -1.70530256582e-12 0.401677309832 111.82517238 -1.70530256582e-12 0.401677309832 75.4323621766 34.5469422936 0.401677309832 75.4323621766 34.5469422936 0.401677309832 75.4323621766 34.5469422936 0.401677309832 75.4323621766 17.273443431 0.401677309832 75.4323621766 17.273443431 0.401677309832 75.4323621766 17.273443431 0.401677309832 62.0012618653 17.1981674965 0.401677309832 62.0012618653 17.1981674965 0.401677309832 62.0012618653 17.1981674965 0.401677309832 58.3390155875 33.6820450866 0.401677309832 33.6820450866 58.3390155875 0.401677309832 17.6178391464 61.8833591312 0.401677309832 17.6178391464 61.8833591312 0.401677309832 17.6178391464 61.8833591312 0.401677309832 17.586686661 75.4323621766 0.401677309832 17.5871301127 75.2434517311 0.401677309832 17.5871301127 75.2434517311 0.401677309832 34.2812592638 75.4323621766 0.401677309832 34.2812592638 75.4323621766 0.401677309832 34.2812592638 75.4323621766 0.401677309832 0.0469731255088 111.775672078 0.401677309832
-> CNT_HIPS_C circle
3 8 0 0 3 13 -2.0 -1.0 0.0 1.0 2.0 3.0 4.0 5.0 6.0 7.0 8.0 9.0 10.0 11 -6.27237874635 20.9239529119 -24.8939632327 -14.6603740084 0.0494985585936 -35.205380425 -8.89102393251 -20.6680332031 -24.8939632327 -3.23947808823 -26.2974215744 -4.09627502566e-17 -8.89102393251 -20.6680332031 24.8939632327 -14.6603740084 0.0494985585936 35.205380425 -6.27237874635 20.9239529119 24.8939632327 0.0782768306919 26.3986096468 3.73096679979e-14 -6.27237874635 20.9239529119 -24.8939632327 -14.6603740084 0.0494985585936 -35.205380425 -8.89102393251 -20.6680332031 -24.8939632327
-> CNT_IK_ARM_BTM_1_L circle
1 15 0 0 3 16 0.0 1.0 2.0 3.0 4.0 5.0 6.0 7.0 8.0 9.0 10.0 11.0 12.0 13.0 14.0 15.0 16 2.2230475183 -6.23498992146 6.23498992146 2.2230475183 6.23498992147 6.23498992146 2.2230475183 6.23498992147 -6.23498992146 2.2230475183 -6.23498992146 -6.23498992146 2.2230475183 -6.23498992146 6.23498992146 -2.2230475183 -6.23498992146 6.23498992146 -2.2230475183 -6.23498992146 -6.23498992146 2.2230475183 -6.23498992146 -6.23498992146 2.2230475183 6.23498992147 -6.23498992146 -2.2230475183 6.23498992147 -6.23498992146 -2.2230475183 -6.23498992146 -6.23498992146 -2.2230475183 -6.23498992146 6.23498992146 -2.2230475183 6.23498992147 6.23498992146 -2.2230475183 6.23498992147 -6.23498992146 -2.2230475183 6.23498992147 6.23498992146 2.2230475183 6.23498992147 6.23498992146
-> CNT_IK_ARM_BTM_1_R circle
1 15 0 0 3 16 0.0 1.0 2.0 3.0 4.0 5.0 6.0 7.0 8.0 9.0 10.0 11.0 12.0 13.0 14.0 15.0 16 2.2230475183 -6.23498992147 6.23498992146 2.2230475183 6.23498992146 6.23498992146 2.2230475183 6.23498992146 -6.23498992146 2.2230475183 -6.23498992147 -6.23498992146 2.2230475183 -6.23498992147 6.23498992146 -2.2230475183 -6.23498992147 6.23498992146 -2.2230475183 -6.23498992147 -6.23498992146 2.2230475183 -6.23498992147 -6.23498992146 2.2230475183 6.23498992146 -6.23498992146 -2.2230475183 6.23498992146 -6.23498992146 -2.2230475183 -6.23498992147 -6.23498992146 -2.2230475183 -6.23498992147 6.23498992146 -2.2230475183 6.23498992146 6.23498992146 -2.2230475183 6.23498992146 -6.23498992146 -2.2230475183 6.23498992146 6.23498992146 2.2230475183 6.23498992146 6.23498992146
-> CNT_IK_ARM_POLE_1_L cube
3 8 2 0 3 13 -2.0 -1.0 0.0 1.0 2.0 3.0 4.0 5.0 6.0 7.0 8.0 9.0 10.0 11 2.34031684576 1.43303076708e-16 -2.34031684576 3.11703916343e-14 2.0266115461e-16 -3.30970782351 -2.34031684576 1.43303076708e-16 -2.34031684576 -3.30970782351 5.87261324241e-32 -9.59070524906e-16 -2.34031684576 -1.43303076708e-16 2.34031684576 3.05507101628e-14 -2.0266115461e-16 3.30970782351 2.34031684576 -1.43303076708e-16 2.34031684576 3.30970782351 -1.08849701479e-31 1.77765052838e-15 2.34031684576 1.43303076708e-16 -2.34031684576 3.11703916343e-14 2.0266115461e-16 -3.30970782351 -2.34031684576 1.43303076708e-16 -2.34031684576
3 8 2 0 3 13 -2.0 -1.0 0.0 1.0 2.0 3.0 4.0 5.0 6.0 7.0 8.0 9.0 10.0 11 3.19243413754e-14 2.34031684576 -2.34031684576 3.13453285681e-14 -3.77598088356e-16 -3.30970782351 3.08850319166e-14 -2.34031684576 -2.34031684576 3.08130869566e-14 -3.30970782351 -9.59070524906e-16 3.117163807e-14 -2.34031684576 2.34031684576 3.17506508773e-14 -9.97279559877e-16 3.30970782351 3.22109475288e-14 2.34031684576 2.34031684576 3.22828924888e-14 3.30970782351 1.77765052838e-15 3.19243413754e-14 2.34031684576 -2.34031684576 3.13453285681e-14 -3.77598088356e-16 -3.30970782351 3.08850319166e-14 -2.34031684576 -2.34031684576
3 8 2 0 3 13 -2.0 -1.0 0.0 1.0 2.0 3.0 4.0 5.0 6.0 7.0 8.0 9.0 10.0 11 -2.34031684576 2.34031684576 -8.96006382123e-16 -3.30970782351 -3.77598088356e-16 -5.32241611483e-16 -2.34031684576 -2.34031684576 1.43303076708e-16 3.05889191978e-14 -3.30970782351 7.34902766092e-16 2.34031684576 -2.34031684576 8.96006382123e-16 3.30970782351 -9.97279559877e-16 5.32241611483e-16 2.34031684576 2.34031684576 -1.43303076708e-16 3.33256402511e-14 3.30970782351 -7.34902766092e-16 -2.34031684576 2.34031684576 -8.96006382123e-16 -3.30970782351 -3.77598088356e-16 -5.32241611483e-16 -2.34031684576 -2.34031684576 1.43303076708e-16
-> CNT_IK_ARM_POLE_1_R cube
3 8 2 0 3 13 -2.0 -1.0 0.0 1.0 2.0 3.0 4.0 5.0 6.0 7.0 8.0 9.0 10.0 11 2.34031684576 1.43303076708e-16 -2.34031684576 -3.77598088356e-16 2.0266115461e-16 -3.30970782351 -2.34031684576 1.43303076708e-16 -2.34031684576 -3.30970782351 5.87261324241e-32 -9.59070524906e-16 -2.34031684576 -1.43303076708e-16 2.34031684576 -9.97279559877e-16 -2.0266115461e-16 3.30970782351 2.34031684576 -1.43303076708e-16 2.34031684576 3.30970782351 -1.08849701479e-31 1.77765052838e-15 2.34031684576 1.43303076708e-16 -2.34031684576 -3.77598088356e-16 2.0266115461e-16 -3.30970782351 -2.34031684576 1.43303076708e-16 -2.34031684576
3 8 2 0 3 13 -2.0 -1.0 0.0 1.0 2.0 3.0 4.0 5.0 6.0 7.0 8.0 9.0 10.0 11 3.76351652709e-16 2.34031684576 -2.34031684576 -2.0266115461e-16 -3.77598088356e-16 -3.30970782351 -6.62957806125e-16 -2.34031684576 -2.34031684576 -7.34902766092e-16 -3.30970782351 -9.59070524906e-16 -3.76351652709e-16 -2.34031684576 2.34031684576 2.0266115461e-16 -9.97279559877e-16 3.30970782351 6.62957806125e-16 2.34031684576 2.34031684576 7.34902766092e-16 3.30970782351 1.77765052838e-15 3.76351652709e-16 2.34031684576 -2.34031684576 -2.0266115461e-16 -3.77598088356e-16 -3.30970782351 -6.62957806125e-16 -2.34031684576 -2.34031684576
3 8 2 0 3 13 -2.0 -1.0 0.0 1.0 2.0 3.0 4.0 5.0 6.0 7.0 8.0 9.0 10.0 11 -2.34031684576 2.34031684576 -8.96006382123e-16 -3.30970782351 -3.77598088356e-16 -5.32241611483e-16 -2.34031684576 -2.34031684576 1.43303076708e-16 -9.59070524906e-16 -3.30970782351 7.34902766092e-16 2.34031684576 -2.34031684576 8.96006382123e-16 3.30970782351 -9.97279559877e-16 5.32241611483e-16 2.34031684576 2.34031684576 -1.43303076708e-16 1.77765052838e-15 3.30970782351 -7.34902766092e-16 -2.34031684576 2.34031684576 -8.96006382123e-16 -3.30970782351 -3.77598088356e-16 -5.32241611483e-16 -2.34031684576 -2.34031684576 1.43303076708e-16
-> CNT_IK_ARM_TOP_1_L circle
3 8 0 0 3 13 -2.0 -1.0 0.0 1.0 2.0 3.0 4.0 5.0 6.0 7.0 8.0 9.0 10.0 11 -2.1747737558e-16 3.5517923764 -3.5517923764 -3.07559454054e-16 0.0 -5.02299294943 -2.1747737558e-16 -3.5517923764 -3.5517923764 -9.58625934444e-32 -5.02299294943 0.0 2.1747737558e-16 -3.5517923764 3.5517923764 3.07559454054e-16 0.0 5.02299294943 2.1747737558e-16 3.5517923764 3.5517923764 1.65190160772e-31 5.02299294943 5.3290705182e-15 -2.1747737558e-16 3.5517923764 -3.5517923764 -3.07559454054e-16 0.0 -5.02299294943 -2.1747737558e-16 -3.5517923764 -3.5517923764
-> CNT_IK_ARM_TOP_1_R circle
3 8 0 0 3 13 -2.0 -1.0 0.0 1.0 2.0 3.0 4.0 5.0 6.0 7.0 8.0 9.0 10.0 11 -2.1747737558e-16 3.5517923764 -3.5517923764 -3.07559454054e-16 0.0 -5.02299294943 -2.1747737558e-16 -3.5517923764 -3.5517923764 -9.58625934444e-32 -5.02299294943 0.0 2.1747737558e-16 -3.5517923764 3.5517923764 3.07559454054e-16 0.0 5.02299294943 2.1747737558e-16 3.5517923764 3.5517923764 1.65190160772e-31 5.02299294943 5.3290705182e-15 -2.1747737558e-16 3.5517923764 -3.5517923764 -3.07559454054e-16 0.0 -5.02299294943 -2.1747737558e-16 -3.5517923764 -3.5517923764
-> CNT_IK_LEG_BTM_1_L circle
 1 15 0 0 3 16 0.0 1.0 2.0 3.0 4.0 5.0 6.0 7.0 8.0 9.0 10.0 11.0 12.0 13.0 14.0 15.0 16 23.7210189339 -8.53738297767 -11.7563327914 23.7210189339 8.53738297767 -11.7563327914 23.7210189339 8.53738297767 -15.0012870958 23.7210189339 -8.53738297767 -15.0012870958 23.7210189339 -8.53738297767 -11.7563327914 -15.9332681371 -9.55862709484 -11.7563327914 -15.9332681371 -9.55862709484 -15.0012870958 23.7210189339 -8.53738297767 -15.0012870958 23.7210189339 8.53738297767 -15.0012870958 -15.9332681371 9.55862709484 -15.0012870958 -15.9332681371 -9.55862709484 -15.0012870958 -15.9332681371 -9.55862709484 -11.7563327914 -15.9332681371 9.55862709484 -11.7563327914 -15.9332681371 9.55862709484 -15.0012870958 -15.9332681371 9.55862709484 -11.7563327914 23.7210189339 8.53738297767 -11.7563327914
-> CNT_IK_LEG_BTM_1_R circle
 1 15 0 0 3 16 0.0 1.0 2.0 3.0 4.0 5.0 6.0 7.0 8.0 9.0 10.0 11.0 12.0 13.0 14.0 15.0 16 23.7210189339 -8.53738297767 -11.7563327914 23.7210189339 8.53738297767 -11.7563327914 23.7210189339 8.53738297767 -15.0012870958 23.7210189339 -8.53738297767 -15.0012870958 23.7210189339 -8.53738297767 -11.7563327914 -15.9332681371 -9.55862709484 -11.7563327914 -15.9332681371 -9.55862709484 -15.0012870958 23.7210189339 -8.53738297767 -15.0012870958 23.7210189339 8.53738297767 -15.0012870958 -15.9332681371 9.55862709484 -15.0012870958 -15.9332681371 -9.55862709484 -15.0012870958 -15.9332681371 -9.55862709484 -11.7563327914 -15.9332681371 9.55862709484 -11.7563327914 -15.9332681371 9.55862709484 -15.0012870958 -15.9332681371 9.55862709484 -11.7563327914 23.7210189339 8.53738297767 -11.7563327914
-> CNT_IK_LEG_POLE_1_L cube
3 8 2 0 3 13 -2.0 -1.0 0.0 1.0 2.0 3.0 4.0 5.0 6.0 7.0 8.0 9.0 10.0 11 2.34031684576 1.43303076708e-16 -2.34031684576 -3.77598088356e-16 2.0266115461e-16 -3.30970782351 -2.34031684576 1.43303076708e-16 -2.34031684576 -3.30970782351 5.87261324241e-32 -7.88521772417e-16 -2.34031684576 -1.43303076708e-16 2.34031684576 -9.97279559877e-16 -2.0266115461e-16 3.30970782351 2.34031684576 -1.43303076708e-16 2.34031684576 3.30970782351 -1.08849701479e-31 1.94819928086e-15 2.34031684576 1.43303076708e-16 -2.34031684576 -3.77598088356e-16 2.0266115461e-16 -3.30970782351 -2.34031684576 1.43303076708e-16 -2.34031684576
3 8 2 0 3 13 -2.0 -1.0 0.0 1.0 2.0 3.0 4.0 5.0 6.0 7.0 8.0 9.0 10.0 11 3.76351652709e-16 2.34031684576 -2.34031684576 -2.0266115461e-16 -3.77598088356e-16 -3.30970782351 -6.62957806125e-16 -2.34031684576 -2.34031684576 -7.34902766092e-16 -3.30970782351 -7.88521772417e-16 -3.76351652709e-16 -2.34031684576 2.34031684576 2.0266115461e-16 -9.97279559877e-16 3.30970782351 6.62957806125e-16 2.34031684576 2.34031684576 7.34902766092e-16 3.30970782351 1.94819928086e-15 3.76351652709e-16 2.34031684576 -2.34031684576 -2.0266115461e-16 -3.77598088356e-16 -3.30970782351 -6.62957806125e-16 -2.34031684576 -2.34031684576
3 8 2 0 3 13 -2.0 -1.0 0.0 1.0 2.0 3.0 4.0 5.0 6.0 7.0 8.0 9.0 10.0 11 -2.34031684576 2.34031684576 -7.25457629634e-16 -3.30970782351 -3.77598088356e-16 -3.61692858994e-16 -2.34031684576 -2.34031684576 3.13851829197e-16 -9.59070524906e-16 -3.30970782351 9.05451518581e-16 2.34031684576 -2.34031684576 1.06655513461e-15 3.30970782351 -9.97279559877e-16 7.02790363972e-16 2.34031684576 2.34031684576 2.72456757817e-17 1.77765052838e-15 3.30970782351 -5.64354013603e-16 -2.34031684576 2.34031684576 -7.25457629634e-16 -3.30970782351 -3.77598088356e-16 -3.61692858994e-16 -2.34031684576 -2.34031684576 3.13851829197e-16
-> CNT_IK_LEG_POLE_1_R cube
3 8 2 0 3 13 -2.0 -1.0 0.0 1.0 2.0 3.0 4.0 5.0 6.0 7.0 8.0 9.0 10.0 11 2.34031684576 1.43303076708e-16 -2.34031684576 -3.77598088356e-16 2.0266115461e-16 -3.30970782351 -2.34031684576 1.43303076708e-16 -2.34031684576 -3.30970782351 5.87261324241e-32 -9.59070524906e-16 -2.34031684576 -1.43303076708e-16 2.34031684576 -9.97279559877e-16 -2.0266115461e-16 3.30970782351 2.34031684576 -1.43303076708e-16 2.34031684576 3.30970782351 -1.08849701479e-31 1.77765052838e-15 2.34031684576 1.43303076708e-16 -2.34031684576 -3.77598088356e-16 2.0266115461e-16 -3.30970782351 -2.34031684576 1.43303076708e-16 -2.34031684576
3 8 2 0 3 13 -2.0 -1.0 0.0 1.0 2.0 3.0 4.0 5.0 6.0 7.0 8.0 9.0 10.0 11 3.76351652709e-16 2.34031684576 -2.34031684576 -2.0266115461e-16 -3.77598088356e-16 -3.30970782351 -6.62957806125e-16 -2.34031684576 -2.34031684576 -7.34902766092e-16 -3.30970782351 -9.59070524906e-16 -3.76351652709e-16 -2.34031684576 2.34031684576 2.0266115461e-16 -9.97279559877e-16 3.30970782351 6.62957806125e-16 2.34031684576 2.34031684576 7.34902766092e-16 3.30970782351 1.77765052838e-15 3.76351652709e-16 2.34031684576 -2.34031684576 -2.0266115461e-16 -3.77598088356e-16 -3.30970782351 -6.62957806125e-16 -2.34031684576 -2.34031684576
3 8 2 0 3 13 -2.0 -1.0 0.0 1.0 2.0 3.0 4.0 5.0 6.0 7.0 8.0 9.0 10.0 11 -2.34031684576 2.34031684576 -8.96006382123e-16 -3.30970782351 -3.77598088356e-16 -5.32241611483e-16 -2.34031684576 -2.34031684576 1.43303076708e-16 -9.59070524906e-16 -3.30970782351 7.34902766092e-16 2.34031684576 -2.34031684576 8.96006382123e-16 3.30970782351 -9.97279559877e-16 5.32241611483e-16 2.34031684576 2.34031684576 -1.43303076708e-16 1.77765052838e-15 3.30970782351 -7.34902766092e-16 -2.34031684576 2.34031684576 -8.96006382123e-16 -3.30970782351 -3.77598088356e-16 -5.32241611483e-16 -2.34031684576 -2.34031684576 1.43303076708e-16
-> CNT_IK_LEG_TOP_1_L circle
3 8 0 0 3 13 -2.0 -1.0 0.0 1.0 2.0 3.0 4.0 5.0 6.0 7.0 8.0 9.0 10.0 11 0.12788185 3.55147721504 -3.54749790087 0.168487359601 -0.000415232535335 -5.01733487644 0.110395259036 -3.55206444252 -3.54808512835 -0.0123648870507 -5.0229624765 -0.000415232535339 -0.12788185 -3.55147721504 3.54749790087 -0.168487359601 0.000415232535342 5.01733487644 -0.110395259036 3.55206444252 3.54808512835 0.0123648870507 5.0229624765 0.000415232535343 0.12788185 3.55147721504 -3.54749790087 0.168487359601 -0.000415232535335 -5.01733487644 0.110395259036 -3.55206444252 -3.54808512835
-> CNT_IK_LEG_TOP_1_R circle
3 8 0 0 3 13 -2.0 -1.0 0.0 1.0 2.0 3.0 4.0 5.0 6.0 7.0 8.0 9.0 10.0 11 -0.127881849091 3.55147721504 -3.54749790094 -0.168487358314 -0.000415232532162 -5.01733487652 -0.110395258126 -3.55206444252 -3.54808512841 0.0123648870508 -5.0229624765 -0.000415232532165 0.127881849091 -3.55147721504 3.54749790094 0.168487358314 0.000415232532159 5.01733487652 0.110395258126 3.55206444252 3.54808512841 -0.0123648870508 5.0229624765 0.00041523253217 -0.127881849091 3.55147721504 -3.54749790094 -0.168487358314 -0.000415232532162 -5.01733487652 -0.110395258126 -3.55206444252 -3.54808512841
-> CNT_LEG_BTM_1_L circle
3 8 0 0 3 13 -2.0 -1.0 0.0 1.0 2.0 3.0 4.0 5.0 6.0 7.0 8.0 9.0 10.0 11 0.591965396066 3.62462292633e-17 -0.591965396066 0.0 5.1259909009e-17 -0.837165491572 -0.591965396066 3.62462292633e-17 -0.591965396066 -0.837165491572 1.59770989074e-32 0.0 -0.591965396066 -3.62462292633e-17 0.591965396066 0.0 -5.1259909009e-17 0.837165491572 0.591965396066 -3.62462292633e-17 0.591965396066 0.837165491572 -2.7531693462e-32 8.881784197e-16 0.591965396066 3.62462292633e-17 -0.591965396066 0.0 5.1259909009e-17 -0.837165491572 -0.591965396066 3.62462292633e-17 -0.591965396066
-> CNT_ROOTMOVE_1_1 square_point
1 5 0 0 3 6 0.0 1.0 2.0 3.0 4.0 5.0 6 -14.303362614 -14.303362614 0.0 -14.303362614 14.303362614 0.0 14.303362614 14.303362614 0.0 14.303362614 -14.303362614 0.0 0.0 -21.4550439211 0.0 -14.303362614 -14.303362614 0.0
-> CNT_SPINE_1_C circle
3 8 0 0 3 13 -2.0 -1.0 0.0 1.0 2.0 3.0 4.0 5.0 6.0 7.0 8.0 9.0 10.0 11 -1.28021006358 16.2112150648 -21.2775569407 0.210995436678 0.000915475248822 -30.0910095998 -1.30283157117e-15 -15.649854142 -21.2775569407 0.0 -21.3087089357 1.75447088809e-17 1.30283157117e-15 -15.649854142 21.2775569407 0.210995436678 0.000915475248822 30.0910095998 -1.14017950748 15.1077001378 21.2775569407 -2.9526253963 20.3088036614 3.19494467262e-14 -1.14017950748 15.1077001378 -21.2775569407 0.210995436678 0.000915475248822 -30.0910095998 -1.30283157117e-15 -16.8144965122 -21.2775569407
-> CNT_SPINE_2_C circle
3 8 0 0 3 13 -2.0 -1.0 0.0 1.0 2.0 3.0 4.0 5.0 6.0 7.0 8.0 9.0 10.0 11 4.5345051133e-14 14.1633244387 -14.1633244387 4.49858348366e-14 -1.5604065989e-16 -20.0299655095 4.5345051133e-14 -14.1633244387 -14.1633244387 4.62122759881e-14 -20.0299655095 -5.59720010006e-17 4.7079500843e-14 -14.1633244387 14.1633244387 4.74387171396e-14 -1.5604065989e-16 20.0299655095 4.7079500843e-14 14.1633244387 14.1633244387 4.62122759881e-14 20.0299655095 2.1194525412e-14 4.5345051133e-14 14.1633244387 -14.1633244387 4.49858348366e-14 -1.5604065989e-16 -20.0299655095 4.5345051133e-14 -14.1633244387 -14.1633244387
-> CNT_SPINE_3_C circle
3 8 0 0 3 13 -2.0 -1.0 0.0 1.0 2.0 3.0 4.0 5.0 6.0 7.0 8.0 9.0 10.0 11 -9.50740862716e-16 15.5272893979 -15.5272893979 -1.34455062235e-15 0.0 -21.9589032534 -9.50740862716e-16 -15.5272893979 -15.5272893979 -4.19080304563e-31 -21.9589032534 8.31182578023e-32 9.50740862716e-16 -15.5272893979 15.5272893979 1.34455062235e-15 0.0 21.9589032534 9.50740862716e-16 15.5272893979 15.5272893979 7.22158043087e-31 21.9589032534 2.32969755518e-14 -9.50740862716e-16 15.5272893979 -15.5272893979 -1.34455062235e-15 0.0 -21.9589032534 -9.50740862716e-16 -15.5272893979 -15.5272893979
-> CNT_SUB_COG_1_C square_point
1 5 0 0 3 6 0.0 1.0 2.0 3.0 4.0 5.0 6 1.42108547152e-14 -24.2351110431 -23.2110922666 2.13162820728e-15 22.1870734901 -23.2110922666 2.13162820728e-15 22.1870734901 23.2110922666 1.42108547152e-14 -24.2351110431 23.2110922666 1.42108547152e-14 -35.8406571764 -7.92517744269e-17 1.42108547152e-14 -24.2351110431 -23.2110922666
-> CNT_SUB_COG_C outwardCirclePointer
3 88 0 0 3 93 0.0 0.0 0.0 1.0 2.0 3.0 4.0 5.0 6.0 7.0 8.0 9.0 10.0 11.0 12.0 13.0 14.0 15.0 16.0 17.0 18.0 19.0 20.0 21.0 22.0 23.0 24.0 25.0 26.0 27.0 28.0 29.0 30.0 31.0 32.0 33.0 34.0 35.0 36.0 37.0 38.0 39.0 40.0 41.0 42.0 43.0 44.0 45.0 46.0 47.0 48.0 49.0 50.0 51.0 52.0 53.0 54.0 55.0 56.0 57.0 58.0 59.0 60.0 61.0 62.0 63.0 64.0 65.0 66.0 67.0 68.0 69.0 70.0 71.0 72.0 73.0 74.0 75.0 76.0 77.0 78.0 79.0 80.0 81.0 82.0 83.0 84.0 85.0 86.0 87.0 88.0 88.0 88.0 91 -0.256940105858 6.8176713474e-13 -71.5309800319 -0.256940105858 -22.0985721442 -48.2516653253 -0.256940105858 -22.0985721442 -48.2516653253 -0.256940105858 -22.0985721442 -48.2516653253 -0.256940105858 -11.0492683432 -48.2516653253 -0.256940105858 -11.0492683432 -48.2516653253 -0.256940105858 -11.0492683432 -48.2516653253 -0.256940105858 -11.0492683432 -39.6156503995 -0.256940105858 -11.0492683432 -39.6156503995 -0.256940105858 -11.0492683432 -39.6156503995 -0.256940105858 -21.3719013311 -37.1745981181 -0.256940105858 -37.3742606218 -21.3530378163 -0.256940105858 -39.8153129031 -11.0492683432 -0.256940105858 -39.7749265434 -11.2174443784 -0.256940105858 -39.7749265434 -11.2174443784 -0.256940105858 -48.2516653253 -11.0492683432 -0.256940105858 -48.2516653253 -11.0492683432 -0.256940105858 -48.2516653253 -11.1368489477 -0.256940105858 -48.2516653253 -22.0985721442 -0.256940105858 -48.2516653253 -22.0985721442 -0.256940105858 -48.2516653253 -22.0985721442 -0.256940105858 -71.5309800319 1.09082741558e-12 -0.256940105858 -71.5309800319 1.09082741558e-12 -0.256940105858 -71.5309800319 1.09082741558e-12 -0.256940105858 -48.2516653253 22.0985721442 -0.256940105858 -48.2516653253 22.0985721442 -0.256940105858 -48.2516653253 22.0985721442 -0.256940105858 -48.2516653253 11.0492683432 -0.256940105858 -48.2516653253 11.0492683432 -0.256940105858 -48.2516653253 11.0492683432 -0.256940105858 -39.5440966911 11.0492683432 -0.256940105858 -39.5440966911 11.0492683432 -0.256940105858 -39.5440966911 11.0492683432 -0.256940105858 -37.3175991618 21.5453251111 -0.256940105858 -21.5453251111 37.3175991618 -0.256940105858 -11.0492683432 39.7633673219 -0.256940105858 -10.8663773481 39.6973095623 -0.256940105858 -11.0492683432 39.5825683331 -0.256940105858 -11.0492683432 48.2516653253 -0.256940105858 -11.0492683432 48.2516653253 -0.256940105858 -11.0492683432 48.2516653253 -0.256940105858 -22.0985721442 48.2516653253 -0.256940105858 -22.0985721442 48.2516653253 -0.256940105858 -22.0985721442 48.2516653253 -0.256940105858 6.8176713474e-13 71.5309800319 -0.256940105858 6.8176713474e-13 71.5309800319 -0.256940105858 6.8176713474e-13 71.5309800319 -0.256940105858 22.0985721442 48.2516653253 -0.256940105858 22.0985721442 48.2516653253 -0.256940105858 22.0985721442 48.2516653253 -0.256940105858 11.0492683432 48.2516653253 -0.256940105858 11.0492683432 48.2516653253 -0.256940105858 11.0492683432 48.2516653253 -0.256940105858 11.0492683432 39.4921511099 -0.256940105858 11.0492683432 39.4921511099 -0.256940105858 11.0492683432 39.4921511099 -0.256940105858 21.5453251111 37.3175991618 -0.256940105858 37.3175991618 21.5453251111 -0.256940105858 39.6364995475 11.0862153027 -0.256940105858 39.6363931743 11.0867471687 -0.256940105858 39.6363931743 11.0867471687 -0.256940105858 48.2516653253 11.0492683432 -0.256940105858 48.2516653253 11.0492683432 -0.256940105858 48.2516653253 11.0492683432 -0.256940105858 48.2516653253 22.0985721442 -0.256940105858 48.2516653253 22.0985721442 -0.256940105858 48.2516653253 22.0985721442 -0.256940105858 71.5309800319 1.09082741558e-12 -0.256940105858 71.5309800319 1.09082741558e-12 -0.256940105858 71.5309800319 1.09082741558e-12 -0.256940105858 48.2516653253 -22.0985721442 -0.256940105858 48.2516653253 -22.0985721442 -0.256940105858 48.2516653253 -22.0985721442 -0.256940105858 48.2516653253 -11.0492683432 -0.256940105858 48.2516653253 -11.0492683432 -0.256940105858 48.2516653253 -11.0492683432 -0.256940105858 39.6602207719 -11.0011167396 -0.256940105858 39.6602207719 -11.0011167396 -0.256940105858 39.6602207719 -11.0011167396 -0.256940105858 37.3175991618 -21.5453251111 -0.256940105858 21.5453251111 -37.3175991618 -0.256940105858 11.2695672483 -39.5848021704 -0.256940105858 11.2695672483 -39.5848021704 -0.256940105858 11.2695672483 -39.5848021704 -0.256940105858 11.2496400015 -48.2516653253 -0.256940105858 11.2499236633 -48.1308253658 -0.256940105858 11.2499236633 -48.1308253658 -0.256940105858 21.9286232222 -48.2516653253 -0.256940105858 21.9286232222 -48.2516653253 -0.256940105858 21.9286232222 -48.2516653253 -0.256940105858 0.0300472034274 -71.4993162749
-> CNT_SUB_GROUND_1 outwardCirclePointer
3 88 0 0 3 93 0.0 0.0 0.0 1.0 2.0 3.0 4.0 5.0 6.0 7.0 8.0 9.0 10.0 11.0 12.0 13.0 14.0 15.0 16.0 17.0 18.0 19.0 20.0 21.0 22.0 23.0 24.0 25.0 26.0 27.0 28.0 29.0 30.0 31.0 32.0 33.0 34.0 35.0 36.0 37.0 38.0 39.0 40.0 41.0 42.0 43.0 44.0 45.0 46.0 47.0 48.0 49.0 50.0 51.0 52.0 53.0 54.0 55.0 56.0 57.0 58.0 59.0 60.0 61.0 62.0 63.0 64.0 65.0 66.0 67.0 68.0 69.0 70.0 71.0 72.0 73.0 74.0 75.0 76.0 77.0 78.0 79.0 80.0 81.0 82.0 83.0 84.0 85.0 86.0 87.0 88.0 88.0 88.0 91 9.05941988094e-13 95.0513965228 0.401677309832 -29.3649009496 64.1175078501 0.401677309832 -29.3649009496 64.1175078501 0.401677309832 -29.3649009496 64.1175078501 0.401677309832 -14.6824269163 64.1175078501 0.401677309832 -14.6824269163 64.1175078501 0.401677309832 -14.6824269163 64.1175078501 0.401677309832 -14.6824269163 52.6418468328 0.401677309832 -14.6824269163 52.6418468328 0.401677309832 -14.6824269163 52.6418468328 0.401677309832 -28.3992903069 49.3981414029 0.401677309832 -49.6634558134 28.3742241968 0.401677309832 -52.9071612432 14.6824269163 0.401677309832 -52.8534952667 14.9059016543 0.401677309832 -52.8534952667 14.9059016543 0.401677309832 -64.1175078501 14.6824269163 0.401677309832 -64.1175078501 14.6824269163 0.401677309832 -64.1175078501 14.798805285 0.401677309832 -64.1175078501 29.3649009496 0.401677309832 -64.1175078501 29.3649009496 0.401677309832 -64.1175078501 29.3649009496 0.401677309832 -95.0513965228 -1.44950718095e-12 0.401677309832 -95.0513965228 -1.44950718095e-12 0.401677309832 -95.0513965228 -1.44950718095e-12 0.401677309832 -64.1175078501 -29.3649009496 0.401677309832 -64.1175078501 -29.3649009496 0.401677309832 -64.1175078501 -29.3649009496 0.401677309832 -64.1175078501 -14.6824269165 0.401677309832 -64.1175078501 -14.6824269165 0.401677309832 -64.1175078501 -14.6824269165 0.401677309832 -52.5467652344 -14.6824269165 0.401677309832 -52.5467652344 -14.6824269165 0.401677309832 -52.5467652344 -14.6824269165 0.401677309832 -49.5881632494 -28.6297383236 0.401677309832 -28.6297383236 -49.5881632494 0.401677309832 -14.6824269163 -52.8381352068 0.401677309832 -14.439398728 -52.7503567044 0.401677309832 -14.6824269163 -52.5978869064 0.401677309832 -14.6824269163 -64.1175078501 0.401677309832 -14.6824269163 -64.1175078501 0.401677309832 -14.6824269163 -64.1175078501 0.401677309832 -29.3649009496 -64.1175078501 0.401677309832 -29.3649009496 -64.1175078501 0.401677309832 -29.3649009496 -64.1175078501 0.401677309832 9.05941988094e-13 -95.0513965228 0.401677309832 9.05941988094e-13 -95.0513965228 0.401677309832 9.05941988094e-13 -95.0513965228 0.401677309832 29.3649009496 -64.1175078501 0.401677309832 29.3649009496 -64.1175078501 0.401677309832 29.3649009496 -64.1175078501 0.401677309832 14.6824269165 -64.1175078501 0.401677309832 14.6824269165 -64.1175078501 0.401677309832 14.6824269165 -64.1175078501 0.401677309832 14.6824269165 -52.4777391979 0.401677309832 14.6824269165 -52.4777391979 0.401677309832 14.6824269165 -52.4777391979 0.401677309832 28.6297383236 -49.5881632494 0.401677309832 49.5881632494 -28.6297383236 0.401677309832 52.6695514808 -14.7315225683 0.401677309832 52.6694101306 -14.7322293195 0.401677309832 52.6694101306 -14.7322293195 0.401677309832 64.1175078501 -14.6824269165 0.401677309832 64.1175078501 -14.6824269165 0.401677309832 64.1175078501 -14.6824269165 0.401677309832 64.1175078501 -29.3649009496 0.401677309832 64.1175078501 -29.3649009496 0.401677309832 64.1175078501 -29.3649009496 0.401677309832 95.0513965228 -1.44950718095e-12 0.401677309832 95.0513965228 -1.44950718095e-12 0.401677309832 95.0513965228 -1.44950718095e-12 0.401677309832 64.1175078501 29.3649009496 0.401677309832 64.1175078501 29.3649009496 0.401677309832 64.1175078501 29.3649009496 0.401677309832 64.1175078501 14.6824269163 0.401677309832 64.1175078501 14.6824269163 0.401677309832 64.1175078501 14.6824269163 0.401677309832 52.7010725855 14.618442372 0.401677309832 52.7010725855 14.618442372 0.401677309832 52.7010725855 14.618442372 0.401677309832 49.5881632494 28.6297383236 0.401677309832 28.6297383236 49.5881632494 0.401677309832 14.9751632744 52.6008552616 0.401677309832 14.9751632744 52.6008552616 0.401677309832 14.9751632744 52.6008552616 0.401677309832 14.9486836619 64.1175078501 0.401677309832 14.9490605958 63.9569339715 0.401677309832 14.9490605958 63.9569339715 0.401677309832 29.1390703743 64.1175078501 0.401677309832 29.1390703743 64.1175078501 0.401677309832 29.1390703743 64.1175078501 0.401677309832 0.0399271566824 95.0093212665 0.401677309832
-> CNT_SUB_GROUND_2 outwardCirclePointer
3 88 0 0 3 93 0.0 0.0 0.0 1.0 2.0 3.0 4.0 5.0 6.0 7.0 8.0 9.0 10.0 11.0 12.0 13.0 14.0 15.0 16.0 17.0 18.0 19.0 20.0 21.0 22.0 23.0 24.0 25.0 26.0 27.0 28.0 29.0 30.0 31.0 32.0 33.0 34.0 35.0 36.0 37.0 38.0 39.0 40.0 41.0 42.0 43.0 44.0 45.0 46.0 47.0 48.0 49.0 50.0 51.0 52.0 53.0 54.0 55.0 56.0 57.0 58.0 59.0 60.0 61.0 62.0 63.0 64.0 65.0 66.0 67.0 68.0 69.0 70.0 71.0 72.0 73.0 74.0 75.0 76.0 77.0 78.0 79.0 80.0 81.0 82.0 83.0 84.0 85.0 86.0 87.0 88.0 88.0 88.0 91 7.9936057773e-13 83.8688792848 0.401677309832 -25.9102067202 56.5742716324 0.401677309832 -25.9102067202 56.5742716324 0.401677309832 -25.9102067202 56.5742716324 0.401677309832 -12.9550825732 56.5742716324 0.401677309832 -12.9550825732 56.5742716324 0.401677309832 -12.9550825732 56.5742716324 0.401677309832 -12.9550825732 46.4486883818 0.401677309832 -12.9550825732 46.4486883818 0.401677309832 -12.9550825732 46.4486883818 0.401677309832 -25.0581973297 43.5865953555 0.401677309832 -43.820696306 25.0360801736 0.401677309832 -46.6827893322 12.9550825732 0.401677309832 -46.6354370001 13.1522661655 0.401677309832 -46.6354370001 13.1522661655 0.401677309832 -56.5742716324 12.9550825732 0.401677309832 -56.5742716324 12.9550825732 0.401677309832 -56.5742716324 13.0577693692 0.401677309832 -56.5742716324 25.9102067202 0.401677309832 -56.5742716324 25.9102067202 0.401677309832 -56.5742716324 25.9102067202 0.401677309832 -83.8688792848 -1.27897692437e-12 0.401677309832 -83.8688792848 -1.27897692437e-12 0.401677309832 -83.8688792848 -1.27897692437e-12 0.401677309832 -56.5742716324 -25.9102067202 0.401677309832 -56.5742716324 -25.9102067202 0.401677309832 -56.5742716324 -25.9102067202 0.401677309832 -56.5742716324 -12.9550825733 0.401677309832 -56.5742716324 -12.9550825733 0.401677309832 -56.5742716324 -12.9550825733 0.401677309832 -46.3647928539 -12.9550825733 0.401677309832 -46.3647928539 -12.9550825733 0.401677309832 -46.3647928539 -12.9550825733 0.401677309832 -43.7542616906 -25.2615338149 0.401677309832 -25.2615338149 -43.7542616906 0.401677309832 -12.9550825732 -46.621884006 0.401677309832 -12.7406459364 -46.5444323862 0.401677309832 -12.9550825732 -46.4099002115 0.401677309832 -12.9550825732 -56.5742716324 0.401677309832 -12.9550825732 -56.5742716324 0.401677309832 -12.9550825732 -56.5742716324 0.401677309832 -25.9102067202 -56.5742716324 0.401677309832 -25.9102067202 -56.5742716324 0.401677309832 -25.9102067202 -56.5742716324 0.401677309832 7.9936057773e-13 -83.8688792848 0.401677309832 7.9936057773e-13 -83.8688792848 0.401677309832 7.9936057773e-13 -83.8688792848 0.401677309832 25.9102067202 -56.5742716324 0.401677309832 25.9102067202 -56.5742716324 0.401677309832 25.9102067202 -56.5742716324 0.401677309832 12.9550825733 -56.5742716324 0.401677309832 12.9550825733 -56.5742716324 0.401677309832 12.9550825733 -56.5742716324 0.401677309832 12.9550825733 -46.3038875275 0.401677309832 12.9550825733 -46.3038875275 0.401677309832 12.9550825733 -46.3038875275 0.401677309832 25.2615338149 -43.7542616906 0.401677309832 43.7542616906 -25.2615338149 0.401677309832 46.4731336596 -12.9984022661 0.401677309832 46.4730089387 -12.9990258701 0.401677309832 46.4730089387 -12.9990258701 0.401677309832 56.5742716324 -12.9550825733 0.401677309832 56.5742716324 -12.9550825733 0.401677309832 56.5742716324 -12.9550825733 0.401677309832 56.5742716324 -25.9102067202 0.401677309832 56.5742716324 -25.9102067202 0.401677309832 56.5742716324 -25.9102067202 0.401677309832 83.8688792848 -1.27897692437e-12 0.401677309832 83.8688792848 -1.27897692437e-12 0.401677309832 83.8688792848 -1.27897692437e-12 0.401677309832 56.5742716324 25.9102067202 0.401677309832 56.5742716324 25.9102067202 0.401677309832 56.5742716324 25.9102067202 0.401677309832 56.5742716324 12.9550825732 0.401677309832 56.5742716324 12.9550825732 0.401677309832 56.5742716324 12.9550825732 0.401677309832 46.500946399 12.8986256224 0.401677309832 46.500946399 12.8986256224 0.401677309832 46.500946399 12.8986256224 0.401677309832 43.7542616906 25.2615338149 0.401677309832 25.2615338149 43.7542616906 0.401677309832 13.2133793598 46.4125193484 0.401677309832 13.2133793598 46.4125193484 0.401677309832 13.2133793598 46.4125193484 0.401677309832 13.1900149958 56.5742716324 0.401677309832 13.1903475845 56.4325887983 0.401677309832 13.1903475845 56.4325887983 0.401677309832 25.7109444479 56.5742716324 0.401677309832 25.7109444479 56.5742716324 0.401677309832 25.7109444479 56.5742716324 0.401677309832 0.0352298441316 83.8317540587 0.401677309832
-> CNT_SUB_HIPS_1_C circle
3 8 0 0 3 13 -2.0 -1.0 0.0 1.0 2.0 3.0 4.0 5.0 6.0 7.0 8.0 9.0 10.0 11 0.0 24.866160587 -24.866160587 0.0 -2.6645352591e-16 -35.1660615463 0.0 -24.866160587 -24.866160587 0.0 -35.1660615463 -7.92517744269e-17 0.0 -24.866160587 24.866160587 0.0 -2.6645352591e-16 35.1660615463 0.0 24.866160587 24.866160587 1.20792265079e-14 35.1660615463 3.72296641875e-14 0.0 24.866160587 -24.866160587 0.0 -2.6645352591e-16 -35.1660615463 0.0 -24.866160587 -24.866160587
-> CNT_SUB_HIPS_C circle
3 8 0 0 3 13 -2.0 -1.0 0.0 1.0 2.0 3.0 4.0 5.0 6.0 7.0 8.0 9.0 10.0 11 0.118794400439 1.88680984318 -1.89428926741 -6.4930419739e-19 -1.02867333087e-17 -2.67892957303 -0.118794400439 -1.88680984318 -1.89428926741 -0.168000652235 -2.66835206985 -3.68170310003e-32 -0.118794400439 -1.88680984318 1.89428926741 6.4930419739e-19 1.02867333087e-17 2.67892957303 0.118794400439 1.88680984318 1.89428926741 0.168000652235 2.66835206985 2.84217094304e-15 0.118794400439 1.88680984318 -1.89428926741 -6.4930419739e-19 -1.02867333087e-17 -2.67892957303 -0.118794400439 -1.88680984318 -1.89428926741
-> CNT_SUB_ROOTMOVE_1_1 square_point
1 5 0 0 3 6 0.0 1.0 2.0 3.0 4.0 5.0 6 -12.1578582219 -12.69423432 0.0 -12.1578582219 11.6214821239 0.0 12.1578582219 11.6214821239 0.0 12.1578582219 -12.69423432 0.0 2.38198837555e-16 -18.7731634309 0.0 -12.1578582219 -12.69423432 0.0
-> CNT_SUB_ROOTMOVE_1_2 square_point
1 5 0 0 3 6 0.0 1.0 2.0 3.0 4.0 5.0 6 -10.7275219605 -11.6214821239 0.0 -10.7275219605 9.83356179716 0.0 10.7275219605 9.83356179716 0.0 10.7275219605 -11.6214821239 0.0 3.96998062592e-16 -16.9852431042 0.0 -10.7275219605 -11.6214821239 0.0
-> CNT_SUB_SPINE_1_C circle
1 4 0 0 3 5 0.0 1.0 2.0 3.0 4.0 5 1.21047289712e-14 -20.5413102159 4.29172730027 -2.35143460393 -20.5413102159 4.32457452845e-13 1.21047289712e-14 -20.5413102159 -4.29172730027 2.35143460393 -20.5413102159 4.32457452845e-13 1.21047289712e-14 -20.5413102159 4.29172730027
-> CNT_SUB_SPINE_2_C circle
1 4 0 0 3 5 0.0 1.0 2.0 3.0 4.0 5 5.27842106607e-31 -19.5287603219 4.41651123693 -2.41980364188 -19.5287603219 4.45029525763e-13 5.27842106607e-31 -19.5287603219 -4.41651123693 2.41980364188 -19.5287603219 4.45029525763e-13 5.27842106607e-31 -19.5287603219 4.41651123693
-> CNT_SUB_SPINE_3_C circle
1 4 0 0 3 5 0.0 1.0 2.0 3.0 4.0 5 1.0006340068e-14 -20.5413102159 4.29172730027 -2.35143460393 -20.5413102159 4.3257372777e-13 1.0006340068e-14 -20.5413102159 -4.29172730027 2.35143460393 -20.5413102159 4.3257372777e-13 1.0006340068e-14 -20.5413102159 4.29172730027
-> GEAR_1 gear
3 97 0 0 3 102 0.0 0.0 0.0 0.0279841174983 0.0279841174983 0.0279841174983 0.0468856389811 0.0468856389811 0.0468856389811 0.0781143570669 0.0781143570669 0.0781143570669 0.0970158786806 0.0970158786806 0.0970158786806 0.152984114137 0.152984114137 0.152984114137 0.171885635775 0.171885635775 0.171885635775 0.203114354117 0.203114354117 0.203114354117 0.222015875886 0.222015875886 0.222015875886 0.277984111801 0.277984111801 0.277984111801 0.296885633594 0.296885633594 0.296885633594 0.328114352193 0.328114352193 0.328114352193 0.347015874117 0.347015874117 0.347015874117 0.402984110492 0.402984110492 0.402984110492 0.42188563244 0.42188563244 0.42188563244 0.453114351295 0.453114351295 0.453114351295 0.472015873374 0.472015873374 0.472015873374 0.527984110208 0.527984110208 0.527984110208 0.546885632312 0.546885632312 0.546885632312 0.578114351423 0.578114351423 0.578114351423 0.597015873657 0.597015873657 0.597015873657 0.652984110951 0.652984110951 0.652984110951 0.67188563321 0.67188563321 0.67188563321 0.703114352577 0.703114352577 0.703114352577 0.722015874967 0.722015874967 0.722015874967 0.77798411272 0.77798411272 0.77798411272 0.796885635134 0.796885635134 0.796885635134 0.828114354758 0.828114354758 0.828114354758 0.847015877302 0.847015877302 0.847015877302 0.902984115515 0.902984115515 0.902984115515 0.921885638084 0.921885638084 0.921885638084 0.953114357964 0.953114357964 0.953114357964 0.972015880664 0.972015880664 0.972015880664 1.0 1.0 1.0 100 -1.22582779439e-16 194.199839278 -3.87911884772e-15 -1.45889786775e-16 194.199839278 0.380632315417 -1.69196794111e-16 194.236682595 0.761264630832 -1.22582779439e-16 194.307847509 1.13580897706 -1.22582779439e-16 193.868180591 1.4322268855 -1.22582779439e-16 193.428513673 1.72864479395 -2.46582107451e-16 192.988846755 2.02506270541 -2.8518721088e-16 193.162632137 2.65553188975 -3.22512490758e-16 193.415123503 3.26509996937 -1.22582779439e-16 193.738047718 3.83379383001 -1.22582779439e-16 194.258538291 3.73250148374 -1.22582779439e-16 194.779028863 3.63120913747 -3.38727844447e-16 195.299519436 3.52991679167 -3.77324307767e-16 195.728562742 4.16024487232 -4.1103095489e-16 196.271901564 4.71071619429 -1.22582779439e-16 196.905795895 5.13619325083 -1.22582779439e-16 196.804503549 5.65668382335 -1.22582779439e-16 196.703211203 6.17717439587 -2.46582107451e-16 196.601918859 6.69766497008 -2.8518721088e-16 197.170612717 7.02058918318 -3.22512490758e-16 197.780180797 7.27308054895 -1.22582779439e-16 198.410649984 7.44686593215 -1.22582779439e-16 198.707067892 7.0071990138 -1.22582779439e-16 199.003485801 6.56753209552 -3.38727844447e-16 199.29990371 6.12786517746 -3.77324307767e-16 200.048992401 6.27019500625 -4.1103095489e-16 200.822432971 6.27523844541 -1.22582779439e-16 201.571521663 6.12786517723 -1.22582779439e-16 201.867939572 6.56753209552 -1.22582779439e-16 202.16435748 7.0071990138 -2.46582107451e-16 202.460775392 7.44686593153 -2.8518721088e-16 203.091244576 7.27308054895 -3.22512490758e-16 203.700812656 7.02058918318 -1.22582779439e-16 204.269506516 6.6976649684 -1.22582779439e-16 204.16821417 6.17717439587 -1.22582779439e-16 204.066921824 5.65668382335 -3.38727844447e-16 203.965629478 5.13619325069 -3.77324307767e-16 204.595957559 4.70714994425 -4.1103095489e-16 205.146428881 4.16381112236 -1.22582779439e-16 205.571905937 3.52991679121 -1.22582779439e-16 206.09239651 3.63120913747 -1.22582779439e-16 206.612887082 3.73250148374 -2.46582107451e-16 207.133377656 3.83379382744 -2.8518721088e-16 207.45630187 3.26509996937 -3.22512490758e-16 207.708793235 2.65553188975 -1.22582779439e-16 207.882578619 2.02506270239 -1.22582779439e-16 207.4429117 1.72864479395 -1.22582779439e-16 207.003244782 1.4322268855 -3.38727844447e-16 206.563577864 1.13580897664 -3.77324307767e-16 206.705907693 0.386720285029 -4.1103095489e-16 206.710951132 -0.386720285029 -1.22582779439e-16 206.563577864 -1.13580897706 -1.22582779439e-16 207.003244782 -1.4322268855 -1.22582779439e-16 207.4429117 -1.72864479395 -2.46582107451e-16 207.882578618 -2.02506270541 -2.8518721088e-16 207.708793235 -2.65553188975 -3.22512490758e-16 207.45630187 -3.26509996937 -1.22582779439e-16 207.133377655 -3.83379383001 -1.22582779439e-16 206.612887082 -3.73250148374 -1.22582779439e-16 206.09239651 -3.63120913747 -3.38727844447e-16 205.571905937 -3.52991679167 -3.77324307767e-16 205.142862631 -4.16024487232 -4.1103095489e-16 204.599523809 -4.71071619429 -1.22582779439e-16 203.965629478 -5.13619325083 -1.22582779439e-16 204.066921824 -5.65668382335 -1.22582779439e-16 204.16821417 -6.17717439587 -2.46582107451e-16 204.269506514 -6.69766497008 -2.8518721088e-16 203.700812656 -7.02058918318 -3.22512490758e-16 203.091244576 -7.27308054895 -1.22582779439e-16 202.460775389 -7.44686593215 -1.22582779439e-16 202.16435748 -7.0071990138 -1.22582779439e-16 201.867939572 -6.56753209552 -3.38727844447e-16 201.571521663 -6.12786517746 -3.77324307767e-16 200.822432971 -6.27019500625 -4.1103095489e-16 200.048992401 -6.27523844541 -1.22582779439e-16 199.299903709 -6.12786517723 -1.22582779439e-16 199.003485801 -6.56753209552 -1.22582779439e-16 198.707067892 -7.0071990138 -2.46582107451e-16 198.410649981 -7.44686593153 -2.8518721088e-16 197.780180797 -7.27308054895 -3.22512490758e-16 197.170612717 -7.02058918318 -1.22582779439e-16 196.601918856 -6.6976649684 -1.22582779439e-16 196.703211203 -6.17717439587 -1.22582779439e-16 196.804503549 -5.65668382335 -3.38727844447e-16 196.905795895 -5.13619325069 -3.77324307767e-16 196.275467814 -4.70714994425 -4.1103095489e-16 195.724996492 -4.16381112236 -1.22582779439e-16 195.299519436 -3.52991679121 -1.22582779439e-16 194.779028863 -3.63120913747 -1.22582779439e-16 194.258538291 -3.73250148374 -2.46582107451e-16 193.738047716 -3.83379382744 -2.8518721088e-16 193.415123503 -3.26509996937 -3.22512490758e-16 193.162632137 -2.65553188975 -1.22582779439e-16 192.988846754 -2.02506270239 -1.22582779439e-16 193.428513673 -1.72864479395 -1.22582779439e-16 193.868180591 -1.4322268855 -3.38727844447e-16 194.307847509 -1.13580897664 -3.58026076107e-16 194.236682595 -0.761264630832 -3.76101853718e-16 194.199839278 -0.380632315417 -3.92582396654e-16 194.199839278 -5.88472870158e-15